#SLFR RTP OL_Test
#t	n	u	v	$\theta$	a
0	0	0	41	-14	1
0.002	1	3	49	-14	1
0.004	2	6	57	-14	1
0.006	3	9	65	-14	1
0.008	4	12	70	-13	1
0.01	5	15	78	-13	1
0.012	6	18	86	-13	2
0.014	7	21	93	-13	2
0.016	8	24	97	-12	6
0.018	9	27	101	-11	-13
0.02	10	29	105	-11	3
0.022	11	32	109	-10	8
0.024	12	34	110	-9	17
0.026	13	36	111	-8	11
0.028	14	39	112	-6	19
0.03	15	40	111	-5	4
0.032	16	42	113	-4	15
0.034	17	44	112	-2	9
0.036	18	45	111	-1	-3
0.038	19	46	107	1	7
0.04	20	48	109	2	-6
0.042	21	48	102	4	2
0.044	22	49	98	6	-2
0.046	23	50	94	8	-11
0.048	24	50	90	9	-12
0.05	25	50	83	11	-16
0.052	26	50	76	13	-22
0.054	27	50	69	15	-34
0.056	28	49	63	16	-32
0.058	29	48	54	18	-39
0.06	30	48	48	20	-31
0.062	31	46	39	21	-34
0.064	32	45	30	23	-40
0.066	33	44	24	24	-41
0.068	34	42	15	25	-37
0.07	35	40	6	26	-40
0.072	36	39	0	27	-43
0.074	37	36	-11	28	-40
0.076	38	34	-18	29	-48
0.078	39	32	-25	30	-39
0.08	40	29	-32	30	-31
0.082	41	27	-39	31	-34
0.084	42	24	-46	31	-30
0.086	43	21	-53	31	-27
0.088	44	18	-60	31	-33
0.09	45	15	-67	31	-23
0.092	46	12	-74	31	-28
0.094	47	9	-78	30	-34
0.096	48	6	-85	30	-30
0.098	49	3	-89	29	-22
0.1	50	0	-93	28	-26
0.102	51	-2	-94	27	-15
0.104	52	-5	-98	26	-24
0.106	53	-8	-102	25	-16
0.108	54	-11	-103	23	-15
0.11	55	-14	-107	22	-19
0.112	56	-17	-108	20	-22
0.114	57	-20	-109	18	-16
0.116	58	-23	-113	17	-17
0.118	59	-26	-114	15	-7
0.12	60	-28	-112	13	-5
0.122	61	-31	-116	12	-9
0.124	62	-33	-114	10	5
0.126	63	-35	-112	8	0
0.128	64	-38	-113	6	21
0.13	65	-39	-105	3	23
0.132	66	-41	-104	1	13
0.134	67	-43	-103	-1	11
0.136	68	-44	-99	-3	21
0.138	69	-45	-95	-5	21
0.14	70	-47	-94	-7	30
0.142	71	-47	-87	-9	35
0.144	72	-48	-83	-11	28
0.146	73	-49	-79	-13	53
0.148	74	-49	-72	-15	46
0.15	75	-49	-65	-17	42
0.152	76	-49	-58	-19	43
0.154	77	-49	-55	-20	47
0.156	78	-48	-46	-22	42
0.158	79	-47	-40	-23	53
0.16	80	-47	-37	-24	46
0.162	81	-45	-25	-26	51
0.164	82	-44	-19	-27	62
0.166	83	-43	-13	-28	66
0.168	84	-41	-7	-28	57
0.17	85	-39	1	-29	65
0.172	86	-38	6	-30	55
0.174	87	-35	14	-30	57
0.176	88	-33	19	-30	66
0.178	89	-31	23	-30	57
0.18	90	-28	30	-30	58
0.182	91	-26	31	-29	67
0.184	92	-23	38	-29	69
0.186	93	-20	42	-28	71
0.188	94	-17	49	-28	71
0.19	95	-14	53	-27	61
0.192	96	-11	57	-26	57
0.194	97	-8	61	-25	60
0.196	98	-5	65	-24	53
0.198	99	-2	69	-23	46
0.2	100	0	70	-22	47
0.202	101	3	71	-20	44
0.204	102	6	75	-19	48
0.206	103	9	76	-17	46
0.208	104	12	77	-15	38
0.21	105	15	79	-13	31
0.212	106	18	84	-12	28
0.214	107	21	85	-10	21
0.216	108	24	87	-8	17
0.218	109	27	86	-5	12
0.22	110	29	85	-3	9
0.222	111	32	87	-1	14
0.224	112	34	86	1	21
0.226	113	36	85	3	10
0.228	114	39	84	6	8
0.23	115	40	80	8	5
0.232	116	42	79	10	2
0.234	117	44	75	13	0
0.236	118	45	71	15	-3
0.238	119	46	67	17	-10
0.24	120	48	66	19	-8
0.242	121	48	59	21	-2
0.244	122	49	55	23	-2
0.246	123	50	51	25	-2
0.248	124	50	44	27	-41
0.25	125	50	38	29	-16
0.252	126	50	32	31	-20
0.254	127	50	29	32	-15
0.256	128	49	20	34	-37
0.258	129	48	14	35	-23
0.26	130	48	8	37	-39
0.262	131	46	0	38	-20
0.264	132	45	-5	39	-41
0.266	133	44	-10	40	-47
0.268	134	42	-15	40	-53
0.27	135	40	-23	41	-51
0.272	136	39	-28	42	-51
0.274	137	36	-36	42	-45
0.276	138	34	-41	42	-64
0.278	139	32	-45	42	-55
0.28	140	29	-52	42	-47
0.282	141	27	-56	42	-45
0.284	142	24	-60	41	-61
0.286	143	21	-67	41	-58
0.288	144	18	-71	40	-61
0.29	145	15	-75	39	-47
0.292	146	12	-79	38	-45
0.294	147	9	-83	37	-53
0.296	148	6	-87	36	-47
0.298	149	3	-88	34	-34
0.3	150	0	-92	33	-28
0.302	151	-2	-90	31	-33
0.304	152	-5	-94	30	-32
0.306	153	-8	-95	28	-36
0.308	154	-11	-97	26	-24
0.31	155	-14	-99	24	-24
0.312	156	-17	-101	22	-21
0.314	157	-20	-100	19	-27
0.316	158	-23	-102	17	-14
0.318	159	-26	-104	15	-9
0.32	160	-28	-100	12	0
0.322	161	-31	-102	10	-19
0.324	162	-33	-98	7	-14
0.326	163	-35	-97	5	-9
0.328	164	-38	-96	2	-5
0.33	165	-39	-92	0	-7
0.332	166	-41	-88	-3	-4
0.334	167	-43	-87	-5	-6
0.336	168	-44	-83	-7	9
0.338	169	-45	-79	-9	12
0.34	170	-47	-75	-12	4
0.342	171	-47	-68	-14	1
0.344	172	-48	-64	-16	24
0.346	173	-49	-57	-19	25
0.348	174	-49	-51	-21	21
0.35	175	-49	-45	-23	15
0.352	176	-49	-39	-25	16
0.354	177	-49	-33	-27	21
0.356	178	-48	-24	-29	41
0.358	179	-47	-18	-30	29
0.36	180	-47	-12	-32	31
0.362	181	-45	-3	-33	43
0.364	182	-44	5	-35	42
0.366	183	-43	10	-36	52
0.368	184	-41	18	-37	42
0.37	185	-39	25	-38	39
0.372	186	-38	26	-38	43
0.374	187	-35	36	-39	52
0.376	188	-33	40	-39	47
0.378	189	-31	44	-39	42
0.38	190	-28	51	-39	45
0.382	191	-26	55	-39	48
0.384	192	-23	59	-38	51
0.386	193	-20	66	-38	45
0.388	194	-17	73	-38	33
0.39	195	-14	77	-37	39
0.392	196	-11	81	-36	34
0.394	197	-8	85	-35	35
0.396	198	-5	89	-34	28
0.398	199	-2	93	-33	22
0.4	200	0	94	-32	27
0.402	201	3	95	-30	30
0.404	202	6	96	-28	27
0.406	203	9	100	-27	14
0.408	204	12	101	-25	14
0.41	205	15	102	-23	16
0.412	206	18	103	-21	14
0.414	207	21	104	-19	10
0.416	208	24	105	-17	5
0.418	209	27	106	-15	3
0.42	210	29	105	-13	10
0.422	211	32	107	-11	8
0.424	212	34	106	-9	5
0.426	213	36	105	-7	-4
0.428	214	39	107	-5	-4
0.43	215	40	100	-2	-3
0.432	216	42	99	0	0
0.434	217	44	98	2	-35
0.436	218	45	94	4	-24
0.438	219	46	87	7	-16
0.44	220	48	86	9	-5
0.442	221	48	79	11	-15
0.444	222	49	75	13	-15
0.446	223	50	71	15	-28
0.448	224	50	64	17	-26
0.45	225	50	58	19	-30
0.452	226	50	52	21	-45
0.454	227	50	46	23	-40
0.456	228	49	40	24	-54
0.458	229	48	31	26	-41
0.46	230	48	28	27	-34
0.462	231	46	16	29	-45
0.464	232	45	10	30	-57
0.466	233	44	4	31	-46
0.468	234	42	-1	31	-59
0.47	235	40	-9	32	-58
0.472	236	39	-13	33	-62
0.474	237	36	-20	33	-68
0.476	238	34	-24	33	-57
0.478	239	32	-28	33	-47
0.48	240	29	-35	33	-55
0.482	241	27	-39	33	-55
0.484	242	24	-43	32	-52
0.486	243	21	-50	32	-52
0.488	244	18	-54	31	-50
0.49	245	15	-61	31	-51
0.492	246	12	-65	30	-59
0.494	247	9	-69	29	-45
0.496	248	6	-73	28	-34
0.498	249	3	-77	27	-32
0.5	250	0	-81	26	-24
0.502	251	-2	-79	24	-28
0.504	252	-5	-83	23	-25
0.506	253	-8	-84	21	-18
0.508	254	-11	-88	20	-21
0.51	255	-14	-89	18	-31
0.512	256	-17	-90	16	-23
0.514	257	-20	-91	14	-17
0.516	258	-23	-93	12	-17
0.518	259	-26	-95	10	3
0.52	260	-28	-94	8	-7
0.522	261	-31	-96	6	-10
0.524	262	-33	-95	4	2
0.526	263	-35	-94	2	-6
0.528	264	-38	-93	-1	-3
0.53	265	-39	-89	-3	-9
0.532	266	-41	-88	-5	-6
0.534	267	-43	-90	-6	3
0.536	268	-44	-83	-9	12
0.538	269	-45	-79	-11	3
0.54	270	-47	-78	-13	33
0.542	271	-47	-71	-15	35
0.544	272	-48	-67	-17	23
0.546	273	-49	-63	-19	22
0.548	274	-49	-56	-21	14
0.55	275	-49	-49	-23	11
0.552	276	-49	-46	-24	40
0.554	277	-49	-40	-26	36
0.556	278	-48	-31	-28	33
0.558	279	-47	-25	-29	52
0.56	280	-47	-22	-30	58
0.562	281	-45	-13	-31	55
0.564	282	-44	-7	-32	56
0.566	283	-43	-1	-33	46
0.568	284	-41	7	-34	36
0.57	285	-39	15	-35	56
0.572	286	-38	17	-35	46
0.574	287	-35	28	-36	55
0.576	288	-33	32	-36	63
0.578	289	-31	36	-36	64
0.58	290	-28	43	-36	65
0.582	291	-26	47	-36	69
0.584	292	-23	51	-35	51
0.586	293	-20	58	-35	52
0.588	294	-17	62	-34	51
0.59	295	-14	66	-33	44
0.592	296	-11	70	-32	43
0.594	297	-8	74	-31	51
0.596	298	-5	78	-30	46
0.598	299	-2	82	-29	52
0.6	300	0	80	-27	53
0.602	301	3	84	-26	40
0.604	302	6	85	-24	33
0.606	303	9	86	-22	36
0.608	304	12	87	-20	24
0.61	305	15	89	-18	29
0.612	306	18	91	-16	20
0.614	307	21	93	-14	20
0.616	308	24	95	-12	28
0.618	309	27	97	-10	34
0.62	310	29	96	-8	20
0.622	311	32	95	-5	17
0.624	312	34	94	-3	7
0.626	313	36	90	0	3
0.628	314	39	92	2	8
0.63	315	40	88	4	1
0.632	316	42	84	7	-3
0.634	317	44	83	9	4
0.636	318	45	76	12	3
0.638	319	46	72	14	2
0.64	320	48	71	16	1
0.642	321	48	64	18	-16
0.644	322	49	60	20	-13
0.646	323	50	56	22	-13
0.648	324	50	47	25	-54
0.65	325	50	41	27	-25
0.652	326	50	38	28	-23
0.654	327	50	32	30	-17
0.656	328	49	23	32	-16
0.658	329	48	14	34	-21
0.66	330	48	11	35	-36
0.662	331	46	2	36	-31
0.664	332	45	-6	38	-37
0.666	333	44	-11	39	-54
0.668	334	42	-16	39	-44
0.67	335	40	-24	40	-53
0.672	336	39	-29	41	-41
0.674	337	36	-36	41	-28
0.676	338	34	-40	41	-41
0.678	339	32	-44	41	-43
0.68	340	29	-51	41	-42
0.682	341	27	-55	41	-50
0.684	342	24	-59	40	-54
0.686	343	21	-66	40	-56
0.688	344	18	-70	39	-61
0.69	345	15	-77	39	-46
0.692	346	12	-81	38	-31
0.694	347	9	-85	37	-39
0.696	348	6	-86	35	-28
0.698	349	3	-90	34	-28
0.7	350	0	-94	33	-29
0.702	351	-2	-92	31	-30
0.704	352	-5	-96	30	-36
0.706	353	-8	-97	28	-41
0.708	354	-11	-98	26	-27
0.71	355	-14	-99	24	-15
0.712	356	-17	-101	22	-17
0.714	357	-20	-103	20	-7
0.716	358	-23	-104	18	-3
0.718	359	-26	-106	16	-3
0.72	360	-28	-105	14	2
0.722	361	-31	-104	11	-8
0.724	362	-33	-103	9	-14
0.726	363	-35	-102	7	-5
0.728	364	-38	-104	5	3
0.73	365	-39	-97	2	6
0.732	366	-41	-96	0	19
0.734	367	-43	-95	-2	11
0.736	368	-44	-91	-4	19
0.738	369	-45	-87	-6	8
0.74	370	-47	-83	-9	45
0.742	371	-47	-76	-11	7
0.744	372	-48	-72	-13	15
0.746	373	-49	-68	-15	4
0.748	374	-49	-61	-17	25
0.75	375	-49	-55	-19	23
0.752	376	-49	-49	-21	38
0.754	377	-49	-43	-23	32
0.756	378	-48	-34	-25	41
0.758	379	-47	-28	-26	51
0.76	380	-47	-22	-28	38
0.762	381	-45	-13	-29	39
0.764	382	-44	-4	-31	37
0.766	383	-43	1	-32	38
0.768	384	-41	6	-32	47
0.77	385	-39	14	-33	55
0.772	386	-38	18	-34	52
0.774	387	-35	25	-34	67
0.776	388	-33	32	-35	64
0.778	389	-31	36	-35	66
0.78	390	-28	43	-35	51
0.782	391	-26	47	-35	53
0.784	392	-23	54	-35	40
0.786	393	-20	61	-35	56
0.788	394	-17	65	-34	45
0.79	395	-14	69	-33	48
0.792	396	-11	73	-32	45
0.794	397	-8	80	-32	53
0.796	398	-5	84	-31	45
0.798	399	-2	88	-30	47
0.8	400	0	89	-29	29
0.802	401	3	93	-28	23
0.804	402	6	94	-26	18
0.806	403	9	95	-24	21
0.808	404	12	99	-23	12
0.81	405	15	100	-21	20
0.812	406	18	101	-19	13
0.814	407	21	102	-17	19
0.816	408	24	103	-15	18
0.818	409	27	101	-12	11
0.82	410	29	100	-10	1
0.822	411	32	102	-8	0
0.824	412	34	101	-6	-4
0.826	413	36	97	-3	1
0.828	414	39	99	-1	1
0.83	415	40	95	1	-3
0.832	416	42	94	3	5
0.834	417	44	93	5	6
0.836	418	45	86	8	-2
0.838	419	46	82	10	-38
0.84	420	48	81	12	-21
0.842	421	48	74	14	-23
0.844	422	49	70	16	-16
0.846	423	50	63	19	-24
0.848	424	50	56	21	-19
0.85	425	50	50	23	-29
0.852	426	50	47	24	-24
0.854	427	50	41	26	-25
0.856	428	49	32	28	-50
0.858	429	48	26	29	-47
0.86	430	48	23	30	-61
0.862	431	46	11	32	-52
0.864	432	45	5	33	-51
0.866	433	44	0	34	-50
0.868	434	42	-5	34	-58
0.87	435	40	-13	35	-44
0.872	436	39	-15	35	-55
0.874	437	36	-26	36	-59
0.876	438	34	-30	36	-63
0.878	439	32	-34	36	-72
0.88	440	29	-41	36	-65
0.882	441	27	-45	36	-56
0.884	442	24	-52	36	-63
0.886	443	21	-56	35	-55
0.888	444	18	-60	34	-47
0.89	445	15	-67	34	-40
0.892	446	12	-71	33	-40
0.894	447	9	-75	32	-41
0.896	448	6	-79	31	-51
0.898	449	3	-80	29	-39
0.9	450	0	-84	28	-36
0.902	451	-2	-82	26	-37
0.904	452	-5	-86	25	-29
0.906	453	-8	-87	23	-27
0.908	454	-11	-88	21	-18
0.91	455	-14	-89	19	-15
0.912	456	-17	-91	17	-8
0.914	457	-20	-93	15	-27
0.916	458	-23	-95	13	-17
0.918	459	-26	-97	11	-16
0.92	460	-28	-96	9	-19
0.922	461	-31	-98	7	-16
0.924	462	-33	-94	4	-6
0.926	463	-35	-93	2	-8
0.928	464	-38	-95	0	1
0.93	465	-39	-88	-3	4
0.932	466	-41	-87	-5	1
0.934	467	-43	-86	-7	-2
0.936	468	-44	-82	-9	-7
0.938	469	-45	-78	-11	4
0.94	470	-47	-77	-13	5
0.942	471	-47	-67	-16	22
0.944	472	-48	-63	-18	31
0.946	473	-49	-59	-20	25
0.948	474	-49	-52	-22	25
0.95	475	-49	-46	-24	29
0.952	476	-49	-40	-26	23
0.954	477	-49	-37	-27	28
0.956	478	-48	-28	-29	38
0.958	479	-47	-22	-30	33
0.96	480	-47	-16	-32	51
0.962	481	-45	-7	-33	45
0.964	482	-44	-1	-34	59
0.966	483	-43	4	-35	53
0.968	484	-41	12	-36	57
0.97	485	-39	20	-37	45
0.972	486	-38	22	-37	53
0.974	487	-35	32	-38	43
0.976	488	-33	36	-38	45
0.978	489	-31	40	-38	53
0.98	490	-28	47	-38	55
0.982	491	-26	51	-38	53
0.984	492	-23	58	-38	58
0.986	493	-20	62	-37	54
0.988	494	-17	66	-36	53
0.99	495	-14	73	-36	50
0.992	496	-11	77	-35	39
0.994	497	-8	81	-34	35
0.996	498	-5	82	-32	38
0.998	499	-2	86	-31	38
1	500	0	87	-30	40
1.002	501	3	88	-28	40
1.004	502	6	89	-26	33
1.006	503	9	93	-25	37
1.008	504	12	94	-23	30
1.01	505	15	95	-21	25
1.012	506	18	97	-19	16
1.014	507	21	99	-17	16
1.016	508	24	98	-14	11
1.018	509	27	100	-12	21
1.02	510	29	99	-10	16
1.022	511	32	101	-8	14
1.024	512	34	97	-5	11
1.026	513	36	96	-3	10
1.028	514	39	95	0	3
1.03	515	40	91	2	-1
1.032	516	42	90	4	-8
1.034	517	44	89	6	-10
1.036	518	45	85	8	-5
1.038	519	46	78	11	-10
1.04	520	48	77	13	-13
1.042	521	48	70	15	-14
1.044	522	49	63	18	-37
1.046	523	50	59	20	-17
1.048	524	50	53	22	-18
1.05	525	50	47	24	-21
1.052	526	50	41	26	-29
1.054	527	50	35	28	-31
1.056	528	49	29	29	-31
1.058	529	48	20	31	-21
1.06	530	48	17	32	-41
1.062	531	46	5	34	-47
1.064	532	45	0	35	-37
1.066	533	44	-5	36	-42
1.068	534	42	-13	37	-48
1.07	535	40	-21	38	-41
1.072	536	39	-23	38	-54
1.074	537	36	-30	38	-42
1.076	538	34	-37	39	-47
1.078	539	32	-41	39	-48
1.08	540	29	-48	39	-57
1.082	541	27	-52	39	-47
1.084	542	24	-59	39	-57
1.086	543	21	-63	38	-42
1.088	544	18	-70	38	-51
1.09	545	15	-74	37	-54
1.092	546	12	-78	36	-42
1.094	547	9	-82	35	-35
1.096	548	6	-86	34	-38
1.098	549	3	-90	33	-34
1.1	550	0	-91	31	-36
1.102	551	-2	-92	30	-33
1.104	552	-5	-93	28	-23
1.106	553	-8	-97	27	-24
1.108	554	-11	-98	25	-26
1.11	555	-14	-99	23	-16
1.112	556	-17	-100	21	-13
1.114	557	-20	-101	19	-12
1.116	558	-23	-103	17	2
1.118	559	-26	-104	15	-13
1.12	560	-28	-100	12	-4
1.122	561	-31	-102	10	-4
1.124	562	-33	-101	8	3
1.126	563	-35	-100	6	-1
1.128	564	-38	-99	3	3
1.13	565	-39	-95	1	2
1.132	566	-41	-94	-1	15
1.134	567	-43	-93	-3	12
1.136	568	-44	-89	-5	5
1.138	569	-45	-82	-8	22
1.14	570	-47	-81	-10	36
1.142	571	-47	-74	-12	14
1.144	572	-48	-70	-14	21
1.146	573	-49	-66	-16	11
1.148	574	-49	-59	-18	16
1.15	575	-49	-53	-20	29
1.152	576	-49	-47	-22	35
1.154	577	-49	-41	-24	25
1.156	578	-48	-35	-25	52
1.158	579	-47	-26	-27	38
1.16	580	-47	-23	-28	48
1.162	581	-45	-14	-29	47
1.164	582	-44	-5	-31	46
1.166	583	-43	-2	-31	39
1.168	584	-41	6	-32	57
1.17	585	-39	14	-33	52
1.172	586	-38	18	-34	55
1.174	587	-35	25	-34	64
1.176	588	-33	29	-34	62
1.178	589	-31	33	-34	61
1.18	590	-28	40	-34	67
1.182	591	-26	44	-34	54
1.184	592	-23	48	-33	53
1.186	593	-20	55	-33	52
1.188	594	-17	59	-32	50
1.19	595	-14	63	-31	48
1.192	596	-11	70	-31	46
1.194	597	-8	74	-30	47
1.196	598	-5	78	-29	44
1.198	599	-2	79	-27	48
1.2	600	0	80	-26	30
1.202	601	3	84	-25	31
1.204	602	6	85	-23	22
1.206	603	9	86	-21	20
1.208	604	12	90	-20	17
1.21	605	15	91	-18	18
1.212	606	18	92	-16	16
1.214	607	21	93	-14	22
1.216	608	24	95	-12	19
1.218	609	27	97	-10	14
1.22	610	29	96	-8	11
1.222	611	32	95	-5	6
1.224	612	34	94	-3	4
1.226	613	36	93	-1	8
1.228	614	39	95	1	3
1.23	615	40	88	4	1
1.232	616	42	87	6	1
1.234	617	44	86	8	6
1.236	618	45	82	10	5
1.238	619	46	78	12	-2
1.24	620	48	77	14	-5
1.242	621	48	70	16	-45
1.244	622	49	63	19	-21
1.246	623	50	59	21	-22
1.248	624	50	52	23	-15
1.25	625	50	49	24	-26
1.252	626	50	43	26	-19
1.254	627	50	37	28	-37
1.256	628	49	28	30	-20
1.258	629	48	22	31	-40
1.26	630	48	19	32	-65
1.262	631	46	7	34	-49
1.264	632	45	1	35	-53
1.266	633	44	-4	36	-51
1.268	634	42	-9	36	-45
1.27	635	40	-17	37	-52
1.272	636	39	-22	38	-53
1.274	637	36	-29	38	-39
1.276	638	34	-33	38	-54
1.278	639	32	-37	38	-59
1.28	640	29	-44	38	-61
1.282	641	27	-45	37	-61
1.284	642	24	-52	37	-57
1.286	643	21	-56	36	-42
1.288	644	18	-63	36	-59
1.29	645	15	-67	35	-41
1.292	646	12	-71	34	-35
1.294	647	9	-75	33	-31
1.296	648	6	-79	32	-39
1.298	649	3	-83	31	-39
1.3	650	0	-84	29	-49
1.302	651	-2	-85	28	-27
1.304	652	-5	-86	26	-29
1.306	653	-8	-90	25	-30
1.308	654	-11	-91	23	-28
1.31	655	-14	-93	21	-15
1.312	656	-17	-95	19	-20
1.314	657	-20	-97	17	-1
1.316	658	-23	-99	15	-21
1.318	659	-26	-101	13	-24
1.32	660	-28	-100	11	-18
1.322	661	-31	-99	8	-12
1.324	662	-33	-98	6	-13
1.326	663	-35	-97	4	-6
1.328	664	-38	-96	1	-9
1.33	665	-39	-92	-1	5
1.332	666	-41	-91	-3	10
1.334	667	-43	-90	-5	3
1.336	668	-44	-86	-7	-1
1.338	669	-45	-79	-10	4
1.34	670	-47	-78	-12	9
1.342	671	-47	-71	-14	35
1.344	672	-48	-67	-16	18
1.346	673	-49	-63	-18	18
1.348	674	-49	-56	-20	23
1.35	675	-49	-50	-22	31
1.352	676	-49	-44	-24	31
1.354	677	-49	-38	-26	36
1.356	678	-48	-29	-28	25
1.358	679	-47	-23	-29	35
1.36	680	-47	-17	-31	49
1.362	681	-45	-8	-32	51
1.364	682	-44	-2	-33	40
1.366	683	-43	3	-34	48
1.368	684	-41	11	-35	47
1.37	685	-39	19	-36	55
1.372	686	-38	23	-37	50
1.374	687	-35	30	-37	40
1.376	688	-33	34	-37	45
1.378	689	-31	41	-38	57
1.38	690	-28	48	-38	56
1.382	691	-26	52	-38	47
1.384	692	-23	59	-38	47
1.386	693	-20	63	-37	45
1.388	694	-17	67	-36	57
1.39	695	-14	74	-36	52
1.392	696	-11	78	-35	38
1.394	697	-8	82	-34	35
1.396	698	-5	86	-33	42
1.398	699	-2	87	-31	42
1.4	700	0	88	-30	42
1.402	701	3	89	-28	28
1.404	702	6	93	-27	24
1.406	703	9	94	-25	29
1.408	704	12	95	-23	34
1.41	705	15	96	-21	19
1.412	706	18	97	-19	18
1.414	707	21	99	-17	11
1.416	708	24	101	-15	18
1.418	709	27	103	-13	18
1.42	710	29	102	-11	13
1.422	711	32	104	-9	1
1.424	712	34	100	-6	5
1.426	713	36	99	-4	4
1.428	714	39	101	-2	5
1.43	715	40	94	1	-5
1.432	716	42	93	3	-10
1.434	717	44	92	5	-6
1.436	718	45	88	7	-3
1.438	719	46	81	10	-5
1.44	720	48	80	12	-19
1.442	721	48	73	14	-36
1.444	722	49	69	16	-17
1.446	723	50	62	19	-14
1.448	724	50	55	21	-16
1.45	725	50	49	23	-22
1.452	726	50	43	25	-38
1.454	727	50	40	26	-27
1.456	728	49	31	28	-24
1.458	729	48	22	30	-40
1.46	730	48	19	31	-49
1.462	731	46	10	32	-43
1.464	732	45	4	33	-44
1.466	733	44	-1	34	-36
1.468	734	42	-9	35	-42
1.47	735	40	-17	36	-56
1.472	736	39	-19	36	-47
1.474	737	36	-29	37	-47
1.476	738	34	-33	37	-53
1.478	739	32	-37	37	-62
1.48	740	29	-44	37	-64
1.482	741	27	-45	36	-62
1.484	742	24	-52	36	-44
1.486	743	21	-59	36	-49
1.488	744	18	-63	35	-55
1.49	745	15	-67	34	-51
1.492	746	12	-71	33	-41
1.494	747	9	-75	32	-38
1.496	748	6	-79	31	-38
1.498	749	3	-83	30	-49
1.5	750	0	-87	29	-38
1.502	751	-2	-85	27	-24
1.504	752	-5	-89	26	-24
1.506	753	-8	-90	24	-23
1.508	754	-11	-94	23	-23
1.51	755	-14	-95	21	-15
1.512	756	-17	-96	19	-6
1.514	757	-20	-97	17	-4
1.516	758	-23	-99	15	-21
1.518	759	-26	-101	13	-14
1.52	760	-28	-100	11	-3
1.522	761	-31	-99	8	-7
1.524	762	-33	-98	6	3
1.526	763	-35	-97	4	-3
1.528	764	-38	-99	2	-4
1.53	765	-39	-95	0	9
1.532	766	-41	-94	-2	8
1.534	767	-43	-90	-5	4
1.536	768	-44	-86	-7	-5
1.538	769	-45	-82	-9	6
1.54	770	-47	-81	-11	38
1.542	771	-47	-71	-14	15
1.544	772	-48	-67	-16	20
1.546	773	-49	-63	-18	9
1.548	774	-49	-56	-20	20
1.55	775	-49	-50	-22	27
1.552	776	-49	-47	-23	39
1.554	777	-49	-41	-25	20
1.556	778	-48	-32	-27	34
1.558	779	-47	-26	-28	47
1.56	780	-47	-20	-30	54
1.562	781	-45	-11	-31	48
1.564	782	-44	-5	-32	52
1.566	783	-43	0	-33	42
1.568	784	-41	8	-34	58
1.57	785	-39	13	-34	57
1.572	786	-38	18	-35	52
1.574	787	-35	26	-35	50
1.576	788	-33	33	-36	63
1.578	789	-31	37	-36	66
1.58	790	-28	44	-36	66
1.582	791	-26	48	-36	54
1.584	792	-23	55	-36	49
1.586	793	-20	59	-35	56
1.588	794	-17	63	-34	54
1.59	795	-14	70	-34	45
1.592	796	-11	74	-33	38
1.594	797	-8	78	-32	40
1.596	798	-5	82	-31	43
1.598	799	-2	83	-29	49
1.6	800	0	84	-28	35
1.602	801	3	85	-26	28
1.604	802	6	89	-25	24
1.606	803	9	90	-23	30
1.608	804	12	91	-21	25
1.61	805	15	92	-19	19
1.612	806	18	93	-17	13
1.614	807	21	95	-15	20
1.616	808	24	97	-13	26
1.618	809	27	99	-11	24
1.62	810	29	98	-9	13
1.622	811	32	97	-6	8
1.624	812	34	96	-4	10
1.626	813	36	95	-2	12
1.628	814	39	94	1	8
1.63	815	40	90	3	-2
1.632	816	42	89	5	-1
1.634	817	44	88	7	3
1.636	818	45	84	9	2
1.638	819	46	77	12	-5
1.64	820	48	76	14	-11
1.642	821	48	69	16	-27
1.644	822	49	65	18	-33
1.646	823	50	58	21	-14
1.648	824	50	51	23	-31
1.65	825	50	48	24	-29
1.652	826	50	42	26	-21
1.654	827	50	36	28	-38
1.656	828	49	27	30	-29
1.658	829	48	21	31	-33
1.66	830	48	15	33	-56
1.662	831	46	6	34	-49
1.664	832	45	0	35	-46
1.666	833	44	-5	36	-50
1.668	834	42	-13	37	-51
1.67	835	40	-21	38	-45
1.672	836	39	-23	38	-54
1.674	837	36	-33	39	-37
1.676	838	34	-37	39	-43
1.678	839	32	-41	39	-58
1.68	840	29	-48	39	-50
1.682	841	27	-52	39	-56
1.684	842	24	-59	39	-53
1.686	843	21	-63	38	-47
1.688	844	18	-67	37	-50
1.69	845	15	-74	37	-47
1.692	846	12	-78	36	-32
1.694	847	9	-82	35	-35
1.696	848	6	-86	34	-37
1.698	849	3	-87	32	-38
1.7	850	0	-91	31	-42
1.702	851	-2	-89	29	-34
1.704	852	-5	-93	28	-27
1.706	853	-8	-94	26	-36
1.708	854	-11	-95	24	-26
1.71	855	-14	-96	22	-15
1.712	856	-17	-97	20	-17
1.714	857	-20	-99	18	-12
1.716	858	-23	-101	16	-12
1.718	859	-26	-103	14	-20
1.72	860	-28	-102	12	-9
1.722	861	-31	-101	9	-8
1.724	862	-33	-100	7	-11
1.726	863	-35	-99	5	-6
1.728	864	-38	-98	2	4
1.73	865	-39	-94	0	7
1.732	866	-41	-93	-2	15
1.734	867	-43	-92	-4	6
1.736	868	-44	-88	-6	8
1.738	869	-45	-81	-9	2
1.74	870	-47	-80	-11	42
1.742	871	-47	-73	-13	25
1.744	872	-48	-69	-15	18
1.746	873	-49	-65	-17	14
1.748	874	-49	-58	-19	27
1.75	875	-49	-52	-21	24
1.752	876	-49	-46	-23	36
1.754	877	-49	-40	-25	28
1.756	878	-48	-31	-27	28
1.758	879	-47	-25	-28	50
1.76	880	-47	-19	-30	40
1.762	881	-45	-10	-31	46
1.764	882	-44	-4	-32	38
1.766	883	-43	1	-33	45
1.768	884	-41	9	-34	45
1.77	885	-39	17	-35	59
1.772	886	-38	19	-35	49
1.774	887	-35	29	-36	53
1.776	888	-33	33	-36	56
1.778	889	-31	37	-36	60
1.78	890	-28	44	-36	56
1.782	891	-26	45	-35	61
1.784	892	-23	52	-35	40
1.786	893	-20	59	-35	60
1.788	894	-17	63	-34	51
1.79	895	-14	67	-33	52
1.792	896	-11	74	-33	41
1.794	897	-8	78	-32	47
1.796	898	-5	79	-30	41
1.798	899	-2	83	-29	48
1.8	900	0	84	-28	38
1.802	901	3	85	-26	25
1.804	902	6	89	-25	27
1.806	903	9	90	-23	27
1.808	904	12	91	-21	22
1.81	905	15	95	-20	22
1.812	906	18	96	-18	11
1.814	907	21	97	-16	11
1.816	908	24	99	-14	17
1.818	909	27	101	-12	14
1.82	910	29	97	-9	7
1.822	911	32	99	-7	5
1.824	912	34	98	-5	2
1.826	913	36	97	-3	7
1.828	914	39	96	0	6
1.83	915	40	92	2	-4
1.832	916	42	91	4	-6
1.834	917	44	90	6	1
1.836	918	45	86	8	-2
1.838	919	46	79	11	-4
1.84	920	48	78	13	-23
1.842	921	48	71	15	-41
1.844	922	49	67	17	-9
1.846	923	50	63	19	-17
1.848	924	50	56	21	-19
1.85	925	50	50	23	-22
1.852	926	50	44	25	-22
1.854	927	50	38	27	-32
1.856	928	49	29	29	-22
1.858	929	48	23	30	-43
1.86	930	48	20	31	-54
1.862	931	46	8	33	-47
1.864	932	45	2	34	-47
1.866	933	44	-3	35	-47
1.868	934	42	-11	36	-44
1.87	935	40	-16	36	-63
1.872	936	39	-21	37	-52
1.874	937	36	-28	37	-44
1.876	938	34	-32	37	-61
1.878	939	32	-36	37	-62
1.88	940	29	-43	37	-65
1.882	941	27	-47	37	-60
1.884	942	24	-51	36	-48
1.886	943	21	-58	36	-47
1.888	944	18	-62	35	-62
1.89	945	15	-66	34	-43
1.892	946	12	-70	33	-38
1.894	947	9	-74	32	-36
1.896	948	6	-78	31	-38
1.898	949	3	-82	30	-47
1.9	950	0	-86	29	-41
1.902	951	-2	-84	27	-23
1.904	952	-5	-88	26	-28
1.906	953	-8	-89	24	-26
1.908	954	-11	-90	22	-23
1.91	955	-14	-91	20	-15
1.912	956	-17	-95	19	-11
1.914	957	-20	-97	17	-5
1.916	958	-23	-99	15	-27
1.918	959	-26	-98	12	-18
1.92	960	-28	-97	10	-7
1.922	961	-31	-99	8	-12
1.924	962	-33	-98	6	-8
1.926	963	-35	-94	3	-5
1.928	964	-38	-96	1	-7
1.93	965	-39	-92	-1	4
1.932	966	-41	-91	-3	6
1.934	967	-43	-90	-5	2
1.936	968	-44	-86	-7	-6
1.938	969	-45	-79	-10	-2
1.94	970	-47	-78	-12	24
1.942	971	-47	-71	-14	27
1.944	972	-48	-67	-16	14
1.946	973	-49	-63	-18	13
1.948	974	-49	-56	-20	27
1.95	975	-49	-50	-22	25
1.952	976	-49	-44	-24	37
1.954	977	-49	-38	-26	29
1.956	978	-48	-32	-27	29
1.958	979	-47	-23	-29	46
1.96	980	-47	-20	-30	51
1.962	981	-45	-8	-32	47
1.964	982	-44	-2	-33	45
1.966	983	-43	3	-34	50
1.968	984	-41	11	-35	54
1.97	985	-39	16	-35	55
1.972	986	-38	21	-36	48
1.974	987	-35	28	-36	43
1.976	988	-33	35	-37	55
1.978	989	-31	39	-37	60
1.98	990	-28	46	-37	57
1.982	991	-26	50	-37	54
1.984	992	-23	57	-37	43
1.986	993	-20	61	-36	51
1.988	994	-17	68	-36	55
1.99	995	-14	72	-35	49
1.992	996	-11	76	-34	36
1.994	997	-8	80	-33	32
1.996	998	-5	84	-32	37
1.998	999	-2	85	-30	43
2	1000	0	86	-29	43
2.002	1001	3	90	-28	28
2.004	1002	6	91	-26	27
2.006	1003	9	92	-24	31
2.008	1004	12	93	-22	31
2.01	1005	15	94	-20	24
2.012	1006	18	95	-18	11
2.014	1007	21	97	-16	14
2.016	1008	24	99	-14	23
2.018	1009	27	101	-12	24
2.02	1010	29	100	-10	13
2.022	1011	32	102	-8	8
2.024	1012	34	98	-5	9
2.026	1013	36	97	-3	12
2.028	1014	39	99	-1	7
2.03	1015	40	92	2	-4
2.032	1016	42	91	4	-9
2.034	1017	44	90	6	-1
2.036	1018	45	86	8	4
2.038	1019	46	79	11	-9
2.04	1020	48	78	13	-11
2.042	1021	48	71	15	-47
2.044	1022	49	67	17	-15
2.046	1023	50	60	20	-17
2.048	1024	50	53	22	-22
2.05	1025	50	47	24	-31
2.052	1026	50	44	25	-19
2.054	1027	50	38	27	-40
2.056	1028	49	29	29	-17
2.058	1029	48	23	30	-41
2.06	1030	48	17	32	-48
2.062	1031	46	8	33	-50
2.064	1032	45	2	34	-38
2.066	1033	44	-3	35	-43
2.068	1034	42	-11	36	-42
2.07	1035	40	-19	37	-58
2.072	1036	39	-21	37	-49
2.074	1037	36	-31	38	-39
2.076	1038	34	-35	38	-49
2.078	1039	32	-39	38	-61
2.08	1040	29	-46	38	-57
2.082	1041	27	-47	37	-55
2.084	1042	24	-54	37	-44
2.086	1043	21	-58	36	-51
2.088	1044	18	-65	36	-59
2.09	1045	15	-69	35	-48
2.092	1046	12	-73	34	-35
2.094	1047	9	-77	33	-36
2.096	1048	6	-81	32	-42
2.098	1049	3	-85	31	-44
2.1	1050	0	-89	30	-39
2.102	1051	-2	-87	28	-25
2.104	1052	-5	-91	27	-28
2.106	1053	-8	-92	25	-33
2.108	1054	-11	-93	23	-28
2.11	1055	-14	-94	21	-15
2.112	1056	-17	-95	19	-12
2.114	1057	-20	-97	17	-8
2.116	1058	-23	-99	15	-19
2.118	1059	-26	-101	13	-17
2.12	1060	-28	-100	11	-5
2.122	1061	-31	-102	9	-2
2.124	1062	-33	-101	7	-7
2.126	1063	-35	-97	4	-6
2.128	1064	-38	-99	2	2
2.13	1065	-39	-95	0	7
2.132	1066	-41	-94	-2	12
2.134	1067	-43	-93	-4	2
2.136	1068	-44	-89	-6	3
2.138	1069	-45	-82	-9	5
2.14	1070	-47	-81	-11	40
2.142	1071	-47	-74	-13	18
2.144	1072	-48	-70	-15	18
2.146	1073	-49	-66	-17	8
2.148	1074	-49	-59	-19	25
2.15	1075	-49	-53	-21	25
2.152	1076	-49	-47	-23	35
2.154	1077	-49	-41	-25	25
2.156	1078	-48	-32	-27	31
2.158	1079	-47	-26	-28	50
2.16	1080	-47	-20	-30	46
2.162	1081	-45	-11	-31	45
2.164	1082	-44	-5	-32	42
2.166	1083	-43	0	-33	47
2.168	1084	-41	8	-34	52
2.17	1085	-39	13	-34	59
2.172	1086	-38	18	-35	45
2.174	1087	-35	26	-35	53
2.176	1088	-33	33	-36	61
2.178	1089	-31	37	-36	68
2.18	1090	-28	44	-36	59
2.182	1091	-26	48	-36	58
2.184	1092	-23	55	-36	47
2.186	1093	-20	59	-35	59
2.188	1094	-17	66	-35	54
2.19	1095	-14	70	-34	48
2.192	1096	-11	74	-33	41
2.194	1097	-8	78	-32	44
2.196	1098	-5	82	-31	44
2.198	1099	-2	86	-30	47
2.2	1100	0	84	-28	35
2.202	1101	3	88	-27	26
2.204	1102	6	89	-25	26
2.206	1103	9	90	-23	30
2.208	1104	12	94	-22	21
2.21	1105	15	95	-20	18
2.212	1106	18	96	-18	11
2.214	1107	21	97	-16	15
2.216	1108	24	99	-14	21
2.218	1109	27	98	-11	18
2.22	1110	29	97	-9	5
2.222	1111	32	99	-7	4
2.224	1112	34	95	-4	8
2.226	1113	36	94	-2	10
2.228	1114	39	96	0	5
2.23	1115	40	92	2	-7
2.232	1116	42	88	5	-3
2.234	1117	44	87	7	2
2.236	1118	45	83	9	1
2.238	1119	46	79	11	-4
2.24	1120	48	78	13	-8
2.242	1121	48	71	15	-41
2.244	1122	49	67	17	-10
2.246	1123	50	63	19	-11
2.248	1124	50	56	21	-20
2.25	1125	50	50	23	-27
2.252	1126	50	44	25	-24
2.254	1127	50	38	27	-33
2.256	1128	49	32	28	-25
2.258	1129	48	23	30	-38
2.26	1130	48	20	31	-59
2.262	1131	46	8	33	-41
2.264	1132	45	2	34	-48
2.266	1133	44	-3	35	-51
2.268	1134	42	-8	35	-46
2.27	1135	40	-16	36	-53
2.272	1136	39	-21	37	-47
2.274	1137	36	-28	37	-40
2.276	1138	34	-32	37	-55
2.278	1139	32	-36	37	-65
2.28	1140	29	-43	37	-55
2.282	1141	27	-47	37	-60
2.284	1142	24	-51	36	-54
2.286	1143	21	-58	36	-51
2.288	1144	18	-62	35	-58
2.29	1145	15	-66	34	-43
2.292	1146	12	-73	34	-32
2.294	1147	9	-77	33	-37
2.296	1148	6	-78	31	-41
2.298	1149	3	-82	30	-39
2.3	1150	0	-86	29	-43
2.302	1151	-2	-84	27	-28
2.304	1152	-5	-88	26	-27
2.306	1153	-8	-89	24	-33
2.308	1154	-11	-90	22	-24
2.31	1155	-14	-94	21	-15
2.312	1156	-17	-95	19	-14
2.314	1157	-20	-97	17	-6
2.316	1158	-23	-99	15	-26
2.318	1159	-26	-101	13	-15
2.32	1160	-28	-97	10	-15
2.322	1161	-31	-99	8	-7
2.324	1162	-33	-98	6	-17
2.326	1163	-35	-97	4	-6
2.328	1164	-38	-96	1	-5
2.33	1165	-39	-92	-1	4
2.332	1166	-41	-91	-3	9
2.334	1167	-43	-90	-5	0
2.336	1168	-44	-86	-7	-2
2.338	1169	-45	-82	-9	6
2.34	1170	-47	-78	-12	15
2.342	1171	-47	-71	-14	33
2.344	1172	-48	-67	-16	10
2.346	1173	-49	-63	-18	17
2.348	1174	-49	-56	-20	21
2.35	1175	-49	-50	-22	31
2.352	1176	-49	-44	-24	26
2.354	1177	-49	-38	-26	30
2.356	1178	-48	-32	-27	28
2.358	1179	-47	-23	-29	50
2.36	1180	-47	-20	-30	46
2.362	1181	-45	-8	-32	46
2.364	1182	-44	-2	-33	43
2.366	1183	-43	3	-34	51
2.368	1184	-41	11	-35	49
2.37	1185	-39	16	-35	54
2.372	1186	-38	21	-36	45
2.374	1187	-35	28	-36	47
2.376	1188	-33	32	-36	54
2.378	1189	-31	36	-36	60
2.38	1190	-28	43	-36	52
2.382	1191	-26	47	-36	53
2.384	1192	-23	51	-35	49
2.386	1193	-20	58	-35	55
2.388	1194	-17	62	-34	53
2.39	1195	-14	69	-34	46
2.392	1196	-11	73	-33	38
2.394	1197	-8	77	-32	37
2.396	1198	-5	81	-31	44
2.398	1199	-2	82	-29	41
2.4	1200	0	83	-28	37
2.402	1201	3	87	-27	25
2.404	1202	6	88	-25	29
2.406	1203	9	89	-23	32
2.408	1204	12	93	-22	27
2.41	1205	15	94	-20	18
2.412	1206	18	95	-18	14
2.414	1207	21	97	-16	16
2.416	1208	24	99	-14	22
2.418	1209	27	101	-12	17
2.42	1210	29	97	-9	9
2.422	1211	32	99	-7	8
2.424	1212	34	98	-5	13
2.426	1213	36	97	-3	9
2.428	1214	39	96	0	4
2.43	1215	40	92	2	-5
2.432	1216	42	91	4	-3
2.434	1217	44	90	6	-1
2.436	1218	45	86	8	0
2.438	1219	46	79	11	-10
2.44	1220	48	78	13	-9
2.442	1221	48	71	15	-39
2.444	1222	49	67	17	-12
2.446	1223	50	60	20	-21
2.448	1224	50	53	22	-20
2.45	1225	50	47	24	-24
2.452	1226	50	44	25	-23
2.454	1227	50	38	27	-34
2.456	1228	49	29	29	-26
2.458	1229	48	23	30	-35
2.46	1230	48	17	32	-56
2.462	1231	46	8	33	-40
2.464	1232	45	2	34	-48
2.466	1233	44	-3	35	-45
2.468	1234	42	-11	36	-47
2.47	1235	40	-19	37	-53
2.472	1236	39	-21	37	-51
2.474	1237	36	-31	38	-41
2.476	1238	34	-35	38	-54
2.478	1239	32	-39	38	-61
2.48	1240	29	-46	38	-56
2.482	1241	27	-50	38	-56
2.484	1242	24	-57	38	-52
2.486	1243	21	-61	37	-47
2.488	1244	18	-68	37	-59
2.49	1245	15	-72	36	-41
2.492	1246	12	-76	35	-35
2.494	1247	9	-80	34	-40
2.496	1248	6	-84	33	-41
2.498	1249	3	-88	32	-34
2.5	1250	0	-89	30	-42
2.502	1251	-2	-90	29	-23
2.504	1252	-5	-91	27	-28
2.506	1253	-8	-92	25	-34
2.508	1254	-11	-96	24	-22
2.51	1255	-14	-97	22	-13
2.512	1256	-17	-98	20	-11
2.514	1257	-20	-99	18	-7
2.516	1258	-23	-101	16	-21
2.518	1259	-26	-103	14	-11
2.52	1260	-28	-99	11	-9
2.522	1261	-31	-101	9	-4
2.524	1262	-33	-100	7	-13
2.526	1263	-35	-96	4	-3
2.528	1264	-38	-98	2	0
2.53	1265	-39	-94	0	7
2.532	1266	-41	-93	-2	7
2.534	1267	-43	-92	-4	3
2.536	1268	-44	-88	-6	3
2.538	1269	-45	-81	-9	16
2.54	1270	-47	-80	-11	34
2.542	1271	-47	-73	-13	15
2.544	1272	-48	-69	-15	19
2.546	1273	-49	-65	-17	16
2.548	1274	-49	-58	-19	21
2.55	1275	-49	-52	-21	32
2.552	1276	-49	-46	-23	31
2.554	1277	-49	-40	-25	24
2.556	1278	-48	-31	-27	42
2.558	1279	-47	-25	-28	46
2.56	1280	-47	-22	-29	47
2.562	1281	-45	-10	-31	43
2.564	1282	-44	-4	-32	45
2.566	1283	-43	1	-33	40
2.568	1284	-41	9	-34	61
2.57	1285	-39	14	-34	51
2.572	1286	-38	19	-35	48
2.574	1287	-35	26	-35	56
2.576	1288	-33	33	-36	63
2.578	1289	-31	37	-36	61
2.58	1290	-28	44	-36	60
2.582	1291	-26	48	-36	47
2.584	1292	-23	55	-36	49
2.586	1293	-20	59	-35	60
2.588	1294	-17	63	-34	51
2.59	1295	-14	70	-34	40
2.592	1296	-11	74	-33	43
2.594	1297	-8	78	-32	42
2.596	1298	-5	82	-31	51
2.598	1299	-2	83	-29	44
2.6	1300	0	84	-28	29
2.602	1301	3	88	-27	28
2.604	1302	6	89	-25	30
2.606	1303	9	90	-23	29
2.608	1304	12	91	-21	19
2.61	1305	15	95	-20	16
2.612	1306	18	96	-18	9
2.614	1307	21	97	-16	21
2.616	1308	24	96	-13	22
2.618	1309	27	98	-11	11
2.62	1310	29	97	-9	3
2.622	1311	32	99	-7	9
2.624	1312	34	95	-4	8
2.626	1313	36	94	-2	9
2.628	1314	39	96	0	-1
2.63	1315	40	92	2	-5
2.632	1316	42	91	4	0
2.634	1317	44	90	6	4
2.636	1318	45	86	8	-2
2.638	1319	46	82	10	-9
2.64	1320	48	81	12	-13
2.642	1321	48	71	15	-39
2.644	1322	49	67	17	-9
2.646	1323	50	63	19	-23
2.648	1324	50	56	21	-18
2.65	1325	50	50	23	-23
2.652	1326	50	44	25	-22
2.654	1327	50	41	26	-28
2.656	1328	49	32	28	-28
2.658	1329	48	23	30	-40
2.66	1330	48	20	31	-51
2.662	1331	46	11	32	-41
2.664	1332	45	5	33	-53
2.666	1333	44	0	34	-49
2.668	1334	42	-8	35	-42
2.67	1335	40	-16	36	-53
2.672	1336	39	-18	36	-48
2.674	1337	36	-28	37	-45
2.676	1338	34	-32	37	-57
2.678	1339	32	-36	37	-62
2.68	1340	29	-40	36	-57
2.682	1341	27	-44	36	-61
2.684	1342	24	-51	36	-55
2.686	1343	21	-55	35	-51
2.688	1344	18	-62	35	-61
2.69	1345	15	-66	34	-38
2.692	1346	12	-70	33	-34
2.694	1347	9	-74	32	-42
2.696	1348	6	-78	31	-39
2.698	1349	3	-82	30	-40
2.7	1350	0	-86	29	-39
2.702	1351	-2	-84	27	-29
2.704	1352	-5	-88	26	-33
2.706	1353	-8	-89	24	-38
2.708	1354	-11	-90	22	-18
2.71	1355	-14	-91	20	-14
2.712	1356	-17	-93	18	-11
2.714	1357	-20	-95	16	-14
2.716	1358	-23	-97	14	-17
2.718	1359	-26	-99	12	-17
2.72	1360	-28	-98	10	-6
2.722	1361	-31	-100	8	-14
2.724	1362	-33	-99	6	-8
2.726	1363	-35	-95	3	-8
2.728	1364	-38	-97	1	-2
2.73	1365	-39	-93	-1	6
2.732	1366	-41	-92	-3	3
2.734	1367	-43	-91	-5	2
2.736	1368	-44	-87	-7	3
2.738	1369	-45	-80	-10	5
2.74	1370	-47	-79	-12	17
2.742	1371	-47	-72	-14	30
2.744	1372	-48	-68	-16	13
2.746	1373	-49	-64	-18	19
2.748	1374	-49	-57	-20	24
2.75	1375	-49	-51	-22	26
2.752	1376	-49	-45	-24	27
2.754	1377	-49	-39	-26	29
2.756	1378	-48	-33	-27	31
2.758	1379	-47	-24	-29	43
2.76	1380	-47	-21	-30	49
2.762	1381	-45	-9	-32	42
2.764	1382	-44	-3	-33	45
2.766	1383	-43	2	-34	53
2.768	1384	-41	10	-35	49
2.77	1385	-39	18	-36	55
2.772	1386	-38	20	-36	47
2.774	1387	-35	30	-37	46
2.776	1388	-33	34	-37	60
2.778	1389	-31	38	-37	59
2.78	1390	-28	45	-37	55
2.782	1391	-26	49	-37	52
2.784	1392	-23	56	-37	52
2.786	1393	-20	60	-36	54
2.788	1394	-17	67	-36	57
2.79	1395	-14	71	-35	45
2.792	1396	-11	75	-34	37
2.794	1397	-8	79	-33	41
2.796	1398	-5	83	-32	42
2.798	1399	-2	87	-31	40
2.8	1400	0	85	-29	38
2.802	1401	3	89	-28	25
2.804	1402	6	90	-26	32
2.806	1403	9	91	-24	29
2.808	1404	12	95	-23	31
2.81	1405	15	96	-21	16
2.812	1406	18	97	-19	14
2.814	1407	21	99	-17	13
2.816	1408	24	101	-15	18
2.818	1409	27	100	-12	19
2.82	1410	29	99	-10	7
2.822	1411	32	101	-8	9
2.824	1412	34	97	-5	11
2.826	1413	36	96	-3	10
2.828	1414	39	98	-1	3
2.83	1415	40	91	2	-2
2.832	1416	42	90	4	-5
2.834	1417	44	89	6	0
2.836	1418	45	85	8	-1
2.838	1419	46	81	10	-8
2.84	1420	48	77	13	-6
2.842	1421	48	70	15	-37
2.844	1422	49	66	17	-17
2.846	1423	50	62	19	-19
2.848	1424	50	55	21	-18
2.85	1425	50	49	23	-28
2.852	1426	50	43	25	-17
2.854	1427	50	37	27	-41
2.856	1428	49	28	29	-23
2.858	1429	48	22	30	-41
2.86	1430	48	16	32	-45
2.862	1431	46	7	33	-46
2.864	1432	45	1	34	-47
2.866	1433	44	-4	35	-46
2.868	1434	42	-12	36	-41
2.87	1435	40	-20	37	-53
2.872	1436	39	-21	37	-52
2.874	1437	36	-28	37	-44
2.876	1438	34	-35	38	-54
2.878	1439	32	-39	38	-60
2.88	1440	29	-46	38	-56
2.882	1441	27	-50	38	-58
2.884	1442	24	-57	38	-50
2.886	1443	21	-61	37	-46
2.888	1444	18	-68	37	-53
2.89	1445	15	-72	36	-43
2.892	1446	12	-76	35	-37
2.894	1447	9	-80	34	-36
2.896	1448	6	-84	33	-40
2.898	1449	3	-85	31	-37
2.9	1450	0	-89	30	-43
2.902	1451	-2	-90	29	-26
2.904	1452	-5	-91	27	-28
2.906	1453	-8	-92	25	-28
2.908	1454	-11	-96	24	-25
2.91	1455	-14	-97	22	-12
2.912	1456	-17	-98	20	-17
2.914	1457	-20	-99	18	-4
2.916	1458	-23	-101	16	-16
2.918	1459	-26	-100	13	-19
2.92	1460	-28	-99	11	-5
2.922	1461	-31	-101	9	-9
2.924	1462	-33	-100	7	-3
2.926	1463	-35	-96	4	-8
2.928	1464	-38	-98	2	5
2.93	1465	-39	-94	0	6
2.932	1466	-41	-93	-2	10
2.934	1467	-43	-92	-4	3
2.936	1468	-44	-88	-6	5
2.938	1469	-45	-81	-9	17
2.94	1470	-47	-80	-11	35
2.942	1471	-47	-73	-13	12
2.944	1472	-48	-69	-15	23
2.946	1473	-49	-65	-17	12
2.948	1474	-49	-58	-19	23
2.95	1475	-49	-52	-21	31
2.952	1476	-49	-46	-23	38
2.954	1477	-49	-40	-25	18
2.956	1478	-48	-34	-26	46
2.958	1479	-47	-25	-28	44
2.96	1480	-47	-22	-29	52
2.962	1481	-45	-10	-31	42
2.964	1482	-44	-4	-32	48
2.966	1483	-43	1	-33	38
2.968	1484	-41	9	-34	60
2.97	1485	-39	14	-34	50
2.972	1486	-38	19	-35	47
2.974	1487	-35	26	-35	55
2.976	1488	-33	30	-35	59
2.978	1489	-31	34	-35	65
2.98	1490	-28	41	-35	60
2.982	1491	-26	45	-35	50
2.984	1492	-23	49	-34	52
2.986	1493	-20	56	-34	56
2.988	1494	-17	60	-33	53
2.99	1495	-14	67	-33	43
2.992	1496	-11	71	-32	44
2.994	1497	-8	75	-31	42
2.996	1498	-5	79	-30	45
2.998	1499	-2	80	-28	46
3	1500	0	81	-27	26
3.002	1501	3	85	-26	32
3.004	1502	6	86	-24	26
3.006	1503	9	87	-22	30
3.008	1504	12	91	-21	18
3.01	1505	15	92	-19	19
3.012	1506	18	93	-17	8
3.014	1507	21	95	-15	17
3.016	1508	24	97	-13	23
3.018	1509	27	99	-11	12
3.02	1510	29	98	-9	6
3.022	1511	32	97	-6	7
3.024	1512	34	96	-4	9
3.026	1513	36	95	-2	12
3.028	1514	39	94	1	-4
3.03	1515	40	90	3	-2
3.032	1516	42	89	5	-4
3.034	1517	44	88	7	5
3.036	1518	45	84	9	0
3.038	1519	46	80	11	-8
3.04	1520	48	76	14	-4
3.042	1521	48	69	16	-36
3.044	1522	49	65	18	-29
3.046	1523	50	61	20	-19
3.048	1524	50	54	22	-19
3.05	1525	50	48	24	-30
3.052	1526	50	42	26	-18
3.054	1527	50	36	28	-35
3.056	1528	49	30	29	-24
3.058	1529	48	21	31	-38
3.06	1530	48	18	32	-50
3.062	1531	46	9	33	-48
3.064	1532	45	3	34	-48
3.066	1533	44	-2	35	-55
3.068	1534	42	-10	36	-50
3.07	1535	40	-18	37	-48
3.072	1536	39	-20	37	-53
3.074	1537	36	-30	38	-41
3.076	1538	34	-34	38	-54
3.078	1539	32	-38	38	-58
3.08	1540	29	-45	38	-55
3.082	1541	27	-49	38	-58
3.084	1542	24	-56	38	-61
3.086	1543	21	-60	37	-47
3.088	1544	18	-67	37	-53
3.09	1545	15	-71	36	-43
3.092	1546	12	-75	35	-36
3.094	1547	9	-79	34	-37
3.096	1548	6	-83	33	-40
3.098	1549	3	-84	31	-34
3.1	1550	0	-88	30	-43
3.102	1551	-2	-86	28	-34
3.104	1552	-5	-90	27	-29
3.106	1553	-8	-91	25	-29
3.108	1554	-11	-92	23	-20
3.11	1555	-14	-93	21	-18
3.112	1556	-17	-97	20	-13
3.114	1557	-20	-99	18	-14
3.116	1558	-23	-101	16	-7
3.118	1559	-26	-103	14	-24
3.12	1560	-28	-102	12	-14
3.122	1561	-31	-104	10	-12
3.124	1562	-33	-100	7	-10
3.126	1563	-35	-99	5	-6
3.128	1564	-38	-101	3	-2
3.13	1565	-39	-97	1	4
3.132	1566	-41	-96	-1	6
3.134	1567	-43	-92	-4	6
3.136	1568	-44	-88	-6	1
3.138	1569	-45	-84	-8	5
3.14	1570	-47	-80	-11	30
3.142	1571	-47	-73	-13	21
3.144	1572	-48	-69	-15	16
3.146	1573	-49	-65	-17	14
3.148	1574	-49	-58	-19	25
3.15	1575	-49	-52	-21	31
3.152	1576	-49	-46	-23	33
3.154	1577	-49	-40	-25	26
3.156	1578	-48	-31	-27	34
3.158	1579	-47	-25	-28	51
3.16	1580	-47	-19	-30	39
3.162	1581	-45	-10	-31	44
3.164	1582	-44	-4	-32	43
3.166	1583	-43	1	-33	46
3.168	1584	-41	9	-34	53
3.17	1585	-39	17	-35	53
3.172	1586	-38	21	-36	49
3.174	1587	-35	28	-36	52
3.176	1588	-33	32	-36	56
3.178	1589	-31	36	-36	59
3.18	1590	-28	43	-36	54
3.182	1591	-26	47	-36	53
3.184	1592	-23	51	-35	47
3.186	1593	-20	58	-35	56
3.188	1594	-17	62	-34	53
3.19	1595	-14	69	-34	46
3.192	1596	-11	73	-33	41
3.194	1597	-8	77	-32	41
3.196	1598	-5	81	-31	44
3.198	1599	-2	82	-29	42
3.2	1600	0	83	-28	34
3.202	1601	3	87	-27	27
3.204	1602	6	88	-25	28
3.206	1603	9	89	-23	29
3.208	1604	12	93	-22	24
3.21	1605	15	94	-20	20
3.212	1606	18	95	-18	11
3.214	1607	21	97	-16	15
3.216	1608	24	99	-14	19
3.218	1609	27	101	-12	17
3.22	1610	29	97	-9	6
3.222	1611	32	99	-7	6
3.224	1612	34	98	-5	9
3.226	1613	36	97	-3	8
3.228	1614	39	96	0	6
3.23	1615	40	92	2	-5
3.232	1616	42	91	4	-2
3.234	1617	44	90	6	3
3.236	1618	45	86	8	0
3.238	1619	46	79	11	-7
3.24	1620	48	78	13	-13
3.242	1621	48	71	15	-40
3.244	1622	49	67	17	-6
3.246	1623	50	63	19	-17
3.248	1624	50	56	21	-21
3.25	1625	50	50	23	-25
3.252	1626	50	44	25	-19
3.254	1627	50	38	27	-39
3.256	1628	49	29	29	-21
3.258	1629	48	23	30	-53
3.26	1630	48	20	31	-44
3.262	1631	46	8	33	-47
3.264	1632	45	2	34	-41
3.266	1633	44	-3	35	-50
3.268	1634	42	-11	36	-42
3.27	1635	40	-16	36	-63
3.272	1636	39	-21	37	-42
3.274	1637	36	-28	37	-47
3.276	1638	34	-32	37	-56
3.278	1639	32	-36	37	-65
3.28	1640	29	-43	37	-55
3.282	1641	27	-47	37	-63
3.284	1642	24	-51	36	-43
3.286	1643	21	-58	36	-55
3.288	1644	18	-62	35	-55
3.29	1645	15	-66	34	-44
3.292	1646	12	-73	34	-35
3.294	1647	9	-77	33	-40
3.296	1648	6	-78	31	-39
3.298	1649	3	-82	30	-45
3.3	1650	0	-86	29	-39
3.302	1651	-2	-84	27	-27
3.304	1652	-5	-88	26	-29
3.306	1653	-8	-89	24	-30
3.308	1654	-11	-90	22	-22
3.31	1655	-14	-94	21	-14
3.312	1656	-17	-95	19	-14
3.314	1657	-20	-97	17	-7
3.316	1658	-23	-99	15	-26
3.318	1659	-26	-101	13	-15
3.32	1660	-28	-97	10	-11
3.322	1661	-31	-99	8	-5
3.324	1662	-33	-98	6	-12
3.326	1663	-35	-97	4	-5
3.328	1664	-38	-96	1	-3
3.33	1665	-39	-92	-1	5
3.332	1666	-41	-91	-3	4
3.334	1667	-43	-90	-5	-3
3.336	1668	-44	-86	-7	4
3.338	1669	-45	-82	-9	6
3.34	1670	-47	-78	-12	18
3.342	1671	-47	-71	-14	32
3.344	1672	-48	-67	-16	12
3.346	1673	-49	-63	-18	19
3.348	1674	-49	-56	-20	23
3.35	1675	-49	-50	-22	23
3.352	1676	-49	-44	-24	29
3.354	1677	-49	-41	-25	32
3.356	1678	-48	-32	-27	23
3.358	1679	-47	-23	-29	53
3.36	1680	-47	-20	-30	45
3.362	1681	-45	-11	-31	46
3.364	1682	-44	-5	-32	44
3.366	1683	-43	0	-33	55
3.368	1684	-41	8	-34	43
3.37	1685	-39	16	-35	60
3.372	1686	-38	21	-36	41
3.374	1687	-35	28	-36	48
3.376	1688	-33	32	-36	53
3.378	1689	-31	36	-36	64
3.38	1690	-28	43	-36	52
3.382	1691	-26	47	-36	55
3.384	1692	-23	51	-35	47
3.386	1693	-20	58	-35	52
3.388	1694	-17	62	-34	53
3.39	1695	-14	66	-33	45
3.392	1696	-11	73	-33	35
3.394	1697	-8	77	-32	39
3.396	1698	-5	81	-31	41
3.398	1699	-2	82	-29	42
3.4	1700	0	83	-28	40
3.402	1701	3	84	-26	25
3.404	1702	6	88	-25	29
3.406	1703	9	89	-23	32
3.408	1704	12	90	-21	25
3.41	1705	15	94	-20	18
3.412	1706	18	95	-18	15
3.414	1707	21	97	-16	14
3.416	1708	24	99	-14	23
3.418	1709	27	101	-12	19
3.42	1710	29	97	-9	10
3.422	1711	32	99	-7	8
3.424	1712	34	98	-5	14
3.426	1713	36	94	-2	9
3.428	1714	39	96	0	8
3.43	1715	40	92	2	-6
3.432	1716	42	91	4	-3
3.434	1717	44	90	6	1
3.436	1718	45	86	8	2
3.438	1719	46	79	11	-10
3.44	1720	48	78	13	-11
3.442	1721	48	71	15	-39
3.444	1722	49	64	18	-17
3.446	1723	50	60	20	-18
3.448	1724	50	53	22	-23
3.45	1725	50	47	24	-26
3.452	1726	50	44	25	-23
3.454	1727	50	38	27	-37
3.456	1728	49	29	29	-18
3.458	1729	48	23	30	-41
3.46	1730	48	17	32	-56
3.462	1731	46	8	33	-46
3.464	1732	45	2	34	-44
3.466	1733	44	-3	35	-50
3.468	1734	42	-11	36	-46
3.47	1735	40	-19	37	-52
3.472	1736	39	-21	37	-49
3.474	1737	36	-31	38	-43
3.476	1738	34	-35	38	-50
3.478	1739	32	-39	38	-62
3.48	1740	29	-46	38	-49
3.482	1741	27	-50	38	-59
3.484	1742	24	-57	38	-50
3.486	1743	21	-61	37	-50
3.488	1744	18	-68	37	-56
3.49	1745	15	-72	36	-43
3.492	1746	12	-76	35	-32
3.494	1747	9	-80	34	-40
3.496	1748	6	-84	33	-37
3.498	1749	3	-88	32	-41
3.5	1750	0	-89	30	-42
3.502	1751	-2	-90	29	-25
3.504	1752	-5	-91	27	-28
3.506	1753	-8	-92	25	-35
3.508	1754	-11	-96	24	-21
3.51	1755	-14	-97	22	-14
3.512	1756	-17	-98	20	-15
3.514	1757	-20	-99	18	-6
3.516	1758	-23	-101	16	-20
3.518	1759	-26	-103	14	-16
3.52	1760	-28	-99	11	-11
3.522	1761	-31	-101	9	-5
3.524	1762	-33	-100	7	-12
3.526	1763	-35	-96	4	-5
3.528	1764	-38	-98	2	-2
3.53	1765	-39	-94	0	7
3.532	1766	-41	-93	-2	9
3.534	1767	-43	-92	-4	2
3.536	1768	-44	-88	-6	8
3.538	1769	-45	-81	-9	4
3.54	1770	-47	-80	-11	41
3.542	1771	-47	-73	-13	21
3.544	1772	-48	-69	-15	20
3.546	1773	-49	-65	-17	10
3.548	1774	-49	-58	-19	25
3.55	1775	-49	-52	-21	26
3.552	1776	-49	-46	-23	35
3.554	1777	-49	-40	-25	25
3.556	1778	-48	-31	-27	32
3.558	1779	-47	-25	-28	51
3.56	1780	-47	-19	-30	46
3.562	1781	-45	-10	-31	43
3.564	1782	-44	-4	-32	39
3.566	1783	-43	1	-33	45
3.568	1784	-41	9	-34	53
3.57	1785	-39	14	-34	56
3.572	1786	-38	19	-35	43
3.574	1787	-35	26	-35	53
3.576	1788	-33	33	-36	59
3.578	1789	-31	37	-36	65
3.58	1790	-28	44	-36	54
3.582	1791	-26	48	-36	54
3.584	1792	-23	55	-36	46
3.586	1793	-20	59	-35	57
3.588	1794	-17	66	-35	51
3.59	1795	-14	70	-34	44
3.592	1796	-11	74	-33	41
3.594	1797	-8	78	-32	44
3.596	1798	-5	82	-31	43
3.598	1799	-2	86	-30	44
3.6	1800	0	84	-28	33
3.602	1801	3	88	-27	27
3.604	1802	6	89	-25	27
3.606	1803	9	90	-23	30
3.608	1804	12	94	-22	22
3.61	1805	15	95	-20	17
3.612	1806	18	96	-18	8
3.614	1807	21	97	-16	14
3.616	1808	24	99	-14	22
3.618	1809	27	98	-11	16
3.62	1810	29	97	-9	6
3.622	1811	32	99	-7	5
3.624	1812	34	98	-5	7
3.626	1813	36	94	-2	8
3.628	1814	39	96	0	3
3.63	1815	40	92	2	-11
3.632	1816	42	91	4	-2
3.634	1817	44	90	6	4
3.636	1818	45	83	9	-6
3.638	1819	46	79	11	-10
3.64	1820	48	78	13	-19
3.642	1821	48	68	16	-41
3.644	1822	49	64	18	-9
3.646	1823	50	60	20	-16
3.648	1824	50	53	22	-22
3.65	1825	50	47	24	-23
3.652	1826	50	41	26	-27
3.654	1827	50	38	27	-27
3.656	1828	49	29	29	-18
3.658	1829	48	23	30	-54
3.66	1830	48	17	32	-54
3.662	1831	46	8	33	-41
3.664	1832	45	2	34	-46
3.666	1833	44	-3	35	-52
3.668	1834	42	-11	36	-45
3.67	1835	40	-16	36	-61
3.672	1836	39	-21	37	-40
3.674	1837	36	-28	37	-47
3.676	1838	34	-32	37	-57
3.678	1839	32	-36	37	-66
3.68	1840	29	-43	37	-55
3.682	1841	27	-47	37	-64
3.684	1842	24	-51	36	-43
3.686	1843	21	-58	36	-57
3.688	1844	18	-62	35	-56
3.69	1845	15	-66	34	-42
3.692	1846	12	-70	33	-32
3.694	1847	9	-74	32	-40
3.696	1848	6	-78	31	-37
3.698	1849	3	-82	30	-47
3.7	1850	0	-86	29	-36
3.702	1851	-2	-84	27	-29
3.704	1852	-5	-88	26	-28
3.706	1853	-8	-89	24	-32
3.708	1854	-11	-90	22	-21
3.71	1855	-14	-91	20	-15
3.712	1856	-17	-95	19	-10
3.714	1857	-20	-97	17	-7
3.716	1858	-23	-99	15	-26
3.718	1859	-26	-98	12	-18
3.72	1860	-28	-97	10	-8
3.722	1861	-31	-99	8	-6
3.724	1862	-33	-98	6	-13
3.726	1863	-35	-97	4	-13
3.728	1864	-38	-99	2	-1
3.73	1865	-39	-95	0	5
3.732	1866	-41	-94	-2	4
3.734	1867	-43	-93	-4	-6
3.736	1868	-44	-89	-6	2
3.738	1869	-45	-85	-8	5
3.74	1870	-47	-81	-11	25
3.742	1871	-47	-74	-13	27
3.744	1872	-48	-70	-15	10
3.746	1873	-49	-66	-17	20
3.748	1874	-49	-59	-19	28
3.75	1875	-49	-53	-21	22
3.752	1876	-49	-47	-23	30
3.754	1877	-49	-41	-25	32
3.756	1878	-48	-32	-27	29
3.758	1879	-47	-26	-28	53
3.76	1880	-47	-20	-30	44
3.762	1881	-45	-11	-31	46
3.764	1882	-44	-5	-32	41
3.766	1883	-43	0	-33	55
3.768	1884	-41	8	-34	45
3.77	1885	-39	16	-35	61
3.772	1886	-38	18	-35	41
3.774	1887	-35	28	-36	49
3.776	1888	-33	32	-36	57
3.778	1889	-31	36	-36	63
3.78	1890	-28	43	-36	51
3.782	1891	-26	44	-35	56
3.784	1892	-23	51	-35	43
3.786	1893	-20	58	-35	55
3.788	1894	-17	62	-34	54
3.79	1895	-14	66	-33	46
3.792	1896	-11	73	-33	33
3.794	1897	-8	77	-32	42
3.796	1898	-5	81	-31	41
3.798	1899	-2	82	-29	42
3.8	1900	0	83	-28	39
3.802	1901	3	87	-27	28
3.804	1902	6	88	-25	26
3.806	1903	9	89	-23	33
3.808	1904	12	93	-22	28
3.81	1905	15	94	-20	14
3.812	1906	18	95	-18	16
3.814	1907	21	97	-16	15
3.816	1908	24	99	-14	24
3.818	1909	27	98	-11	16
3.82	1910	29	97	-9	11
3.822	1911	32	99	-7	4
3.824	1912	34	98	-5	15
3.826	1913	36	94	-2	6
3.828	1914	39	96	0	5
3.83	1915	40	92	2	-2
3.832	1916	42	91	4	-5
3.834	1917	44	90	6	2
3.836	1918	45	83	9	4
3.838	1919	46	79	11	-8
3.84	1920	48	78	13	-8
3.842	1921	48	71	15	-39
3.844	1922	49	64	18	-25
3.846	1923	50	60	20	-14
3.848	1924	50	53	22	-20
3.85	1925	50	47	24	-31
3.852	1926	50	41	26	-21
3.854	1927	50	38	27	-40
3.856	1928	49	29	29	-20
3.858	1929	48	20	31	-36
3.86	1930	48	17	32	-51
3.862	1931	46	8	33	-48
3.864	1932	45	2	34	-41
3.866	1933	44	-3	35	-47
3.868	1934	42	-11	36	-46
3.87	1935	40	-19	37	-51
3.872	1936	39	-21	37	-51
3.874	1937	36	-31	38	-40
3.876	1938	34	-35	38	-51
3.878	1939	32	-39	38	-60
3.88	1940	29	-43	37	-56
3.882	1941	27	-47	37	-57
3.884	1942	24	-54	37	-50
3.886	1943	21	-58	36	-50
3.888	1944	18	-65	36	-54
3.89	1945	15	-69	35	-49
3.892	1946	12	-73	34	-34
3.894	1947	9	-77	33	-35
3.896	1948	6	-81	32	-40
3.898	1949	3	-85	31	-39
3.9	1950	0	-89	30	-41
3.902	1951	-2	-87	28	-30
3.904	1952	-5	-88	26	-28
3.906	1953	-8	-92	25	-32
3.908	1954	-11	-93	23	-27
3.91	1955	-14	-94	21	-15
3.912	1956	-17	-95	19	-14
3.914	1957	-20	-97	17	-11
3.916	1958	-23	-99	15	-16
3.918	1959	-26	-101	13	-21
3.92	1960	-28	-100	11	-8
3.922	1961	-31	-102	9	-8
3.924	1962	-33	-98	6	-13
3.926	1963	-35	-97	4	-4
3.928	1964	-38	-99	2	-1
3.93	1965	-39	-95	0	2
3.932	1966	-41	-94	-2	10
3.934	1967	-43	-93	-4	1
3.936	1968	-44	-86	-7	4
3.938	1969	-45	-82	-9	6
3.94	1970	-47	-81	-11	29
3.942	1971	-47	-74	-13	24
3.944	1972	-48	-67	-16	14
3.946	1973	-49	-63	-18	16
3.948	1974	-49	-56	-20	27
3.95	1975	-49	-50	-22	22
3.952	1976	-49	-47	-23	32
3.954	1977	-49	-41	-25	27
3.956	1978	-48	-32	-27	25
3.958	1979	-47	-26	-28	50
3.96	1980	-47	-20	-30	44
3.962	1981	-45	-11	-31	50
3.964	1982	-44	-5	-32	39
3.966	1983	-43	0	-33	51
3.968	1984	-41	8	-34	42
3.97	1985	-39	16	-35	61
3.972	1986	-38	18	-35	42
3.974	1987	-35	28	-36	54
3.976	1988	-33	32	-36	53
3.978	1989	-31	36	-36	66
3.98	1990	-28	43	-36	54
3.982	1991	-26	47	-36	60
3.984	1992	-23	51	-35	41
3.986	1993	-20	58	-35	56
3.988	1994	-17	62	-34	53
3.99	1995	-14	66	-33	50
3.992	1996	-11	73	-33	36
3.994	1997	-8	77	-32	43
3.996	1998	-5	81	-31	39
3.998	1999	-2	82	-29	45
