#SLFR RTP OL_Test
#t	n	u	v	$\theta$	a
0	0	0	47	-16	1
0.002	1	3	55	-16	1
0.004	2	6	63	-16	1
0.006	3	9	71	-16	1
0.008	4	12	79	-16	1
0.01	5	15	86	-16	1
0.012	6	18	90	-15	1
0.014	7	21	97	-15	2
0.016	8	24	101	-14	9
0.018	9	27	105	-13	-17
0.02	10	29	106	-12	12
0.022	11	32	110	-11	7
0.024	12	34	111	-10	21
0.026	13	36	112	-9	15
0.028	14	39	117	-8	16
0.03	15	40	113	-6	7
0.032	16	42	115	-5	16
0.034	17	44	114	-3	7
0.036	18	45	113	-2	-1
0.038	19	46	109	0	3
0.04	20	48	108	2	-4
0.042	21	48	104	3	-3
0.044	22	49	100	5	5
0.046	23	50	96	7	-15
0.048	24	50	89	9	-11
0.05	25	50	85	10	-17
0.052	26	50	78	12	-29
0.054	27	50	71	14	-33
0.056	28	49	62	16	-32
0.058	29	48	56	17	-45
0.06	30	48	50	19	-32
0.062	31	46	38	21	-35
0.064	32	45	32	22	-38
0.066	33	44	23	24	-34
0.068	34	42	14	25	-37
0.07	35	40	5	26	-43
0.072	36	39	0	27	-43
0.074	37	36	-11	28	-41
0.076	38	34	-18	29	-52
0.078	39	32	-25	30	-37
0.08	40	29	-32	30	-34
0.082	41	27	-36	30	-34
0.084	42	24	-46	31	-31
0.086	43	21	-53	31	-27
0.088	44	18	-60	31	-30
0.09	45	15	-67	31	-25
0.092	46	12	-74	31	-35
0.094	47	9	-78	30	-33
0.096	48	6	-82	29	-30
0.098	49	3	-89	29	-24
0.1	50	0	-93	28	-28
0.102	51	-2	-94	27	-16
0.104	52	-5	-95	25	-26
0.106	53	-8	-99	24	-18
0.108	54	-11	-103	23	-17
0.11	55	-14	-104	21	-20
0.112	56	-17	-108	20	-23
0.114	57	-20	-109	18	-16
0.116	58	-23	-110	16	-20
0.118	59	-26	-114	15	-4
0.12	60	-28	-112	13	-3
0.122	61	-31	-113	11	-3
0.124	62	-33	-111	9	7
0.126	63	-35	-109	7	3
0.128	64	-38	-110	5	19
0.13	65	-39	-105	3	26
0.132	66	-41	-104	1	13
0.134	67	-43	-103	-1	14
0.136	68	-44	-99	-3	20
0.138	69	-45	-95	-5	26
0.14	70	-47	-94	-7	31
0.142	71	-47	-87	-9	39
0.144	72	-48	-83	-11	29
0.146	73	-49	-79	-13	50
0.148	74	-49	-72	-15	42
0.15	75	-49	-65	-17	43
0.152	76	-49	-58	-19	39
0.154	77	-49	-55	-20	49
0.156	78	-48	-46	-22	42
0.158	79	-47	-40	-23	52
0.16	80	-47	-34	-25	45
0.162	81	-45	-25	-26	53
0.164	82	-44	-19	-27	61
0.166	83	-43	-13	-28	68
0.168	84	-41	-4	-29	56
0.17	85	-39	1	-29	62
0.172	86	-38	6	-30	57
0.174	87	-35	14	-30	59
0.176	88	-33	19	-30	66
0.178	89	-31	23	-30	64
0.18	90	-28	30	-30	62
0.182	91	-26	31	-29	69
0.184	92	-23	38	-29	73
0.186	93	-20	42	-28	71
0.188	94	-17	49	-28	72
0.19	95	-14	53	-27	64
0.192	96	-11	57	-26	57
0.194	97	-8	61	-25	63
0.196	98	-5	65	-24	55
0.198	99	-2	69	-23	50
0.2	100	0	70	-22	50
0.202	101	3	71	-20	44
0.204	102	6	75	-19	47
0.206	103	9	76	-17	48
0.208	104	12	77	-15	35
0.21	105	15	79	-13	27
0.212	106	18	81	-11	25
0.214	107	21	83	-9	22
0.216	108	24	85	-7	20
0.218	109	27	87	-5	15
0.22	110	29	86	-3	13
0.222	111	32	88	-1	11
0.224	112	34	87	1	17
0.226	113	36	83	4	10
0.228	114	39	85	6	8
0.23	115	40	81	8	5
0.232	116	42	77	11	-1
0.234	117	44	76	13	4
0.236	118	45	72	15	-9
0.238	119	46	65	18	-1
0.24	120	48	64	20	-2
0.242	121	48	60	21	-3
0.244	122	49	53	24	2
0.246	123	50	49	26	-4
0.248	124	50	42	28	-31
0.25	125	50	36	30	-29
0.252	126	50	33	31	-20
0.254	127	50	27	33	-23
0.256	128	49	18	35	-25
0.258	129	48	12	36	-24
0.26	130	48	9	37	-38
0.262	131	46	-2	39	-23
0.264	132	45	-7	40	-31
0.266	133	44	-9	40	-54
0.268	134	42	-17	41	-48
0.27	135	40	-25	42	-55
0.272	136	39	-27	42	-51
0.274	137	36	-38	43	-55
0.276	138	34	-43	43	-55
0.278	139	32	-47	43	-59
0.28	140	29	-54	43	-39
0.282	141	27	-58	43	-49
0.284	142	24	-62	42	-55
0.286	143	21	-69	42	-55
0.288	144	18	-73	41	-61
0.29	145	15	-77	40	-53
0.292	146	12	-81	39	-45
0.294	147	9	-85	38	-49
0.296	148	6	-89	37	-43
0.298	149	3	-90	35	-31
0.3	150	0	-94	34	-31
0.302	151	-2	-92	32	-26
0.304	152	-5	-93	30	-29
0.306	153	-8	-97	29	-33
0.308	154	-11	-99	27	-28
0.31	155	-14	-98	24	-23
0.312	156	-17	-100	22	-25
0.314	157	-20	-102	20	-16
0.316	158	-23	-104	18	-17
0.318	159	-26	-106	16	-13
0.32	160	-28	-102	13	-2
0.322	161	-31	-104	11	-5
0.324	162	-33	-100	8	-15
0.326	163	-35	-99	6	-17
0.328	164	-38	-98	3	-4
0.33	165	-39	-94	1	-12
0.332	166	-41	-90	-2	-2
0.334	167	-43	-89	-4	-4
0.336	168	-44	-82	-7	5
0.338	169	-45	-78	-9	14
0.34	170	-47	-77	-11	8
0.342	171	-47	-67	-14	3
0.344	172	-48	-63	-16	13
0.346	173	-49	-59	-18	38
0.348	174	-49	-53	-20	15
0.35	175	-49	-44	-23	23
0.352	176	-49	-38	-25	13
0.354	177	-49	-35	-26	24
0.356	178	-48	-26	-28	43
0.358	179	-47	-17	-30	42
0.36	180	-47	-11	-32	30
0.362	181	-45	-2	-33	44
0.364	182	-44	3	-34	50
0.366	183	-43	8	-35	50
0.368	184	-41	16	-36	43
0.37	185	-39	23	-37	42
0.372	186	-38	27	-38	36
0.374	187	-35	34	-38	52
0.376	188	-33	41	-39	48
0.378	189	-31	45	-39	46
0.38	190	-28	52	-39	49
0.382	191	-26	56	-39	44
0.384	192	-23	60	-38	48
0.386	193	-20	67	-38	45
0.388	194	-17	71	-37	34
0.39	195	-14	78	-37	30
0.392	196	-11	82	-36	37
0.394	197	-8	86	-35	34
0.396	198	-5	90	-34	31
0.398	199	-2	94	-33	28
0.4	200	0	92	-31	25
0.402	201	3	96	-30	30
0.404	202	6	97	-28	29
0.406	203	9	101	-27	12
0.408	204	12	102	-25	14
0.41	205	15	103	-23	7
0.412	206	18	104	-21	20
0.414	207	21	105	-19	16
0.416	208	24	106	-17	11
0.418	209	27	107	-15	3
0.42	210	29	106	-13	14
0.422	211	32	108	-11	10
0.424	212	34	107	-9	4
0.426	213	36	106	-7	-8
0.428	214	39	108	-5	-5
0.43	215	40	101	-2	-3
0.432	216	42	100	0	-4
0.434	217	44	99	2	-35
0.436	218	45	95	4	-10
0.438	219	46	88	7	-19
0.44	220	48	87	9	-4
0.442	221	48	80	11	-12
0.444	222	49	76	13	-20
0.446	223	50	72	15	-40
0.448	224	50	65	17	-22
0.45	225	50	59	19	-35
0.452	226	50	53	21	-41
0.454	227	50	47	23	-47
0.456	228	49	41	24	-41
0.458	229	48	32	26	-43
0.46	230	48	29	27	-26
0.462	231	46	17	29	-56
0.464	232	45	11	30	-49
0.466	233	44	5	31	-49
0.468	234	42	-3	32	-52
0.47	235	40	-8	32	-62
0.472	236	39	-13	33	-57
0.474	237	36	-20	33	-73
0.476	238	34	-24	33	-53
0.478	239	32	-28	33	-50
0.48	240	29	-35	33	-60
0.482	241	27	-39	33	-52
0.484	242	24	-43	32	-58
0.486	243	21	-50	32	-56
0.488	244	18	-54	31	-50
0.49	245	15	-61	31	-52
0.492	246	12	-65	30	-61
0.494	247	9	-69	29	-41
0.496	248	6	-73	28	-38
0.498	249	3	-77	27	-31
0.5	250	0	-78	25	-29
0.502	251	-2	-79	24	-32
0.504	252	-5	-83	23	-28
0.506	253	-8	-84	21	-16
0.508	254	-11	-85	19	-25
0.51	255	-14	-89	18	-32
0.512	256	-17	-90	16	-19
0.514	257	-20	-91	14	-14
0.516	258	-23	-93	12	-9
0.518	259	-26	-95	10	1
0.52	260	-28	-94	8	-22
0.522	261	-31	-96	6	-3
0.524	262	-33	-92	3	4
0.526	263	-35	-91	1	-5
0.528	264	-38	-93	-1	-6
0.53	265	-39	-89	-3	-11
0.532	266	-41	-88	-5	2
0.534	267	-43	-87	-7	10
0.536	268	-44	-83	-9	6
0.538	269	-45	-79	-11	2
0.54	270	-47	-78	-13	37
0.542	271	-47	-68	-16	29
0.544	272	-48	-64	-18	20
0.546	273	-49	-63	-19	19
0.548	274	-49	-56	-21	10
0.55	275	-49	-49	-23	17
0.552	276	-49	-43	-25	40
0.554	277	-49	-37	-27	37
0.556	278	-48	-31	-28	39
0.558	279	-47	-22	-30	54
0.56	280	-47	-19	-31	48
0.562	281	-45	-10	-32	57
0.564	282	-44	-4	-33	57
0.566	283	-43	1	-34	43
0.568	284	-41	9	-35	42
0.57	285	-39	14	-35	56
0.572	286	-38	19	-36	51
0.574	287	-35	27	-36	60
0.576	288	-33	31	-36	65
0.578	289	-31	35	-36	63
0.58	290	-28	39	-35	66
0.582	291	-26	43	-35	71
0.584	292	-23	50	-35	50
0.586	293	-20	54	-34	52
0.588	294	-17	61	-34	53
0.59	295	-14	65	-33	47
0.592	296	-11	69	-32	48
0.594	297	-8	73	-31	48
0.596	298	-5	77	-30	43
0.598	299	-2	78	-28	52
0.6	300	0	79	-27	49
0.602	301	3	80	-25	36
0.604	302	6	84	-24	33
0.606	303	9	85	-22	32
0.608	304	12	87	-20	26
0.61	305	15	89	-18	28
0.612	306	18	91	-16	21
0.614	307	21	93	-14	20
0.616	308	24	95	-12	28
0.618	309	27	97	-10	31
0.62	310	29	96	-8	20
0.622	311	32	95	-5	19
0.624	312	34	94	-3	11
0.626	313	36	90	0	8
0.628	314	39	92	2	14
0.63	315	40	88	4	6
0.632	316	42	84	7	3
0.634	317	44	83	9	6
0.636	318	45	76	12	8
0.638	319	46	72	14	7
0.64	320	48	71	16	-4
0.642	321	48	64	18	-13
0.644	322	49	60	20	-14
0.646	323	50	56	22	-9
0.648	324	50	47	25	-53
0.65	325	50	41	27	-20
0.652	326	50	38	28	-28
0.654	327	50	32	30	-15
0.656	328	49	23	32	-21
0.658	329	48	14	34	-25
0.66	330	48	11	35	-47
0.662	331	46	2	36	-29
0.664	332	45	-6	38	-42
0.666	333	44	-11	39	-54
0.668	334	42	-19	40	-50
0.67	335	40	-24	40	-52
0.672	336	39	-29	41	-39
0.674	337	36	-36	41	-26
0.676	338	34	-43	42	-44
0.678	339	32	-47	42	-42
0.68	340	29	-54	42	-41
0.682	341	27	-58	42	-45
0.684	342	24	-65	42	-50
0.686	343	21	-69	41	-48
0.688	344	18	-76	41	-56
0.69	345	15	-80	40	-44
0.692	346	12	-84	39	-27
0.694	347	9	-88	38	-37
0.696	348	6	-92	37	-29
0.698	349	3	-93	35	-30
0.7	350	0	-97	34	-34
0.702	351	-2	-95	32	-28
0.704	352	-5	-99	31	-33
0.706	353	-8	-100	29	-40
0.708	354	-11	-101	27	-31
0.71	355	-14	-102	25	-16
0.712	356	-17	-103	23	-16
0.714	357	-20	-104	21	-7
0.716	358	-23	-106	19	-8
0.718	359	-26	-108	17	-14
0.72	360	-28	-107	15	6
0.722	361	-31	-106	12	-13
0.724	362	-33	-105	10	-7
0.726	363	-35	-104	8	-10
0.728	364	-38	-103	5	6
0.73	365	-39	-99	3	11
0.732	366	-41	-98	1	19
0.734	367	-43	-97	-1	13
0.736	368	-44	-90	-4	19
0.738	369	-45	-86	-6	27
0.74	370	-47	-85	-8	41
0.742	371	-47	-75	-11	11
0.744	372	-48	-71	-13	16
0.746	373	-49	-67	-15	10
0.748	374	-49	-61	-17	22
0.75	375	-49	-55	-19	33
0.752	376	-49	-49	-21	36
0.754	377	-49	-43	-23	27
0.756	378	-48	-34	-25	52
0.758	379	-47	-28	-26	47
0.76	380	-47	-22	-28	42
0.762	381	-45	-13	-29	31
0.764	382	-44	-7	-30	37
0.766	383	-43	-1	-31	33
0.768	384	-41	7	-32	56
0.77	385	-39	14	-33	46
0.772	386	-38	18	-34	55
0.774	387	-35	25	-34	61
0.776	388	-33	29	-34	67
0.778	389	-31	36	-35	63
0.78	390	-28	43	-35	58
0.782	391	-26	47	-35	46
0.784	392	-23	54	-35	49
0.786	393	-20	58	-34	56
0.788	394	-17	65	-34	51
0.79	395	-14	69	-33	45
0.792	396	-11	73	-32	50
0.794	397	-8	77	-31	51
0.796	398	-5	81	-30	53
0.798	399	-2	85	-29	46
0.8	400	0	86	-28	24
0.802	401	3	87	-26	23
0.804	402	6	91	-25	23
0.806	403	9	92	-23	22
0.808	404	12	93	-21	15
0.81	405	15	97	-20	13
0.812	406	18	98	-18	11
0.814	407	21	99	-16	25
0.816	408	24	100	-14	16
0.818	409	27	98	-11	7
0.82	410	29	97	-9	-5
0.822	411	32	99	-7	-1
0.824	412	34	98	-5	0
0.826	413	36	97	-3	2
0.828	414	39	99	-1	-7
0.83	415	40	92	2	-5
0.832	416	42	91	4	4
0.834	417	44	90	6	7
0.836	418	45	86	8	0
0.838	419	46	82	10	-29
0.84	420	48	78	13	-36
0.842	421	48	71	15	-16
0.844	422	49	67	17	-9
0.846	423	50	63	19	-18
0.848	424	50	56	21	-18
0.85	425	50	50	23	-31
0.852	426	50	47	24	-10
0.854	427	50	41	26	-21
0.856	428	49	32	28	-49
0.858	429	48	26	29	-54
0.86	430	48	23	30	-56
0.862	431	46	14	31	-44
0.864	432	45	8	32	-48
0.866	433	44	2	33	-53
0.868	434	42	-6	34	-62
0.87	435	40	-14	35	-47
0.872	436	39	-16	35	-53
0.874	437	36	-24	35	-55
0.876	438	34	-31	36	-72
0.878	439	32	-35	36	-71
0.88	440	29	-42	36	-69
0.882	441	27	-46	36	-55
0.884	442	24	-50	35	-60
0.886	443	21	-57	35	-56
0.888	444	18	-61	34	-52
0.89	445	15	-65	33	-37
0.892	446	12	-69	32	-39
0.894	447	9	-73	31	-42
0.896	448	6	-77	30	-52
0.898	449	3	-81	29	-43
0.9	450	0	-82	27	-32
0.902	451	-2	-83	26	-32
0.904	452	-5	-84	24	-30
0.906	453	-8	-88	23	-30
0.908	454	-11	-89	21	-15
0.91	455	-14	-90	19	-5
0.912	456	-17	-91	17	-11
0.914	457	-20	-93	15	-25
0.916	458	-23	-95	13	-23
0.918	459	-26	-97	11	-18
0.92	460	-28	-93	8	-22
0.922	461	-31	-95	6	-8
0.924	462	-33	-94	4	-13
0.926	463	-35	-93	2	-11
0.928	464	-38	-92	-1	-1
0.93	465	-39	-88	-3	8
0.932	466	-41	-87	-5	-5
0.934	467	-43	-86	-7	-9
0.936	468	-44	-82	-9	-2
0.938	469	-45	-75	-12	2
0.94	470	-47	-74	-14	5
0.942	471	-47	-67	-16	15
0.944	472	-48	-63	-18	33
0.946	473	-49	-59	-20	27
0.948	474	-49	-52	-22	33
0.95	475	-49	-46	-24	26
0.952	476	-49	-40	-26	21
0.954	477	-49	-34	-28	29
0.956	478	-48	-28	-29	38
0.958	479	-47	-19	-31	35
0.96	480	-47	-16	-32	49
0.962	481	-45	-4	-34	46
0.964	482	-44	1	-35	57
0.966	483	-43	6	-36	55
0.968	484	-41	11	-36	58
0.97	485	-39	19	-37	45
0.972	486	-38	24	-38	52
0.974	487	-35	31	-38	45
0.976	488	-33	35	-38	46
0.978	489	-31	39	-38	52
0.98	490	-28	46	-38	52
0.982	491	-26	50	-38	53
0.984	492	-23	54	-37	55
0.986	493	-20	61	-37	51
0.988	494	-17	65	-36	50
0.99	495	-14	69	-35	44
0.992	496	-11	73	-34	39
0.994	497	-8	77	-33	34
0.996	498	-5	81	-32	39
0.998	499	-2	85	-31	36
1	500	0	86	-30	35
1.002	501	3	87	-28	40
1.004	502	6	88	-26	33
1.006	503	9	92	-25	36
1.008	504	12	93	-23	30
1.01	505	15	95	-21	27
1.012	506	18	97	-19	18
1.014	507	21	99	-17	19
1.016	508	24	101	-15	13
1.018	509	27	103	-13	21
1.02	510	29	99	-10	19
1.022	511	32	101	-8	19
1.024	512	34	100	-6	15
1.026	513	36	96	-3	13
1.028	514	39	98	-1	6
1.03	515	40	94	1	3
1.032	516	42	90	4	-8
1.034	517	44	89	6	-7
1.036	518	45	85	8	-6
1.038	519	46	81	10	-4
1.04	520	48	77	13	-6
1.042	521	48	70	15	-24
1.044	522	49	66	17	-33
1.046	523	50	62	19	-17
1.048	524	50	55	21	-19
1.05	525	50	49	23	-29
1.052	526	50	43	25	-25
1.054	527	50	37	27	-36
1.056	528	49	28	29	-33
1.058	529	48	19	31	-22
1.06	530	48	16	32	-46
1.062	531	46	7	33	-36
1.064	532	45	-1	35	-46
1.066	533	44	-6	36	-36
1.068	534	42	-11	36	-42
1.07	535	40	-19	37	-39
1.072	536	39	-23	38	-58
1.074	537	36	-30	38	-38
1.076	538	34	-34	38	-46
1.078	539	32	-41	39	-49
1.08	540	29	-48	39	-52
1.082	541	27	-52	39	-49
1.084	542	24	-56	38	-53
1.086	543	21	-63	38	-39
1.088	544	18	-67	37	-55
1.09	545	15	-74	37	-44
1.092	546	12	-78	36	-45
1.094	547	9	-82	35	-35
1.096	548	6	-86	34	-38
1.098	549	3	-90	33	-32
1.1	550	0	-91	31	-44
1.102	551	-2	-92	30	-30
1.104	552	-5	-93	28	-24
1.106	553	-8	-97	27	-25
1.108	554	-11	-98	25	-27
1.11	555	-14	-99	23	-20
1.112	556	-17	-100	21	-15
1.114	557	-20	-101	19	-10
1.116	558	-23	-103	17	0
1.118	559	-26	-104	15	-16
1.12	560	-28	-103	13	-8
1.122	561	-31	-102	10	-3
1.124	562	-33	-101	8	1
1.126	563	-35	-100	6	3
1.128	564	-38	-102	4	2
1.13	565	-39	-95	1	4
1.132	566	-41	-97	0	15
1.134	567	-43	-96	-2	10
1.136	568	-44	-92	-4	6
1.138	569	-45	-88	-6	26
1.14	570	-47	-84	-9	34
1.142	571	-47	-77	-11	15
1.144	572	-48	-73	-13	22
1.146	573	-49	-69	-15	12
1.148	574	-49	-62	-17	18
1.15	575	-49	-56	-19	32
1.152	576	-49	-50	-21	33
1.154	577	-49	-44	-23	23
1.156	578	-48	-38	-24	48
1.158	579	-47	-29	-26	36
1.16	580	-47	-26	-27	49
1.162	581	-45	-14	-29	47
1.164	582	-44	-8	-30	48
1.166	583	-43	-2	-31	37
1.168	584	-41	6	-32	56
1.17	585	-39	14	-33	52
1.172	586	-38	15	-33	55
1.174	587	-35	22	-33	62
1.176	588	-33	29	-34	63
1.178	589	-31	33	-34	63
1.18	590	-28	40	-34	70
1.182	591	-26	44	-34	53
1.184	592	-23	51	-34	57
1.186	593	-20	55	-33	56
1.188	594	-17	62	-33	54
1.19	595	-14	66	-32	50
1.192	596	-11	70	-31	48
1.194	597	-8	74	-30	48
1.196	598	-5	78	-29	50
1.198	599	-2	82	-28	49
1.2	600	0	83	-27	32
1.202	601	3	84	-25	29
1.204	602	6	88	-24	28
1.206	603	9	89	-22	22
1.208	604	12	90	-20	23
1.21	605	15	94	-19	18
1.212	606	18	95	-17	14
1.214	607	21	96	-15	21
1.216	608	24	94	-12	19
1.218	609	27	96	-10	17
1.22	610	29	95	-8	10
1.222	611	32	97	-6	7
1.224	612	34	96	-4	1
1.226	613	36	92	-1	12
1.228	614	39	94	1	2
1.23	615	40	90	3	1
1.232	616	42	89	5	1
1.234	617	44	88	7	3
1.236	618	45	81	10	5
1.238	619	46	77	12	-7
1.24	620	48	76	14	-6
1.242	621	48	69	16	-32
1.244	622	49	65	18	-24
1.246	623	50	58	21	-19
1.248	624	50	51	23	-12
1.25	625	50	48	24	-24
1.252	626	50	42	26	-19
1.254	627	50	36	28	-37
1.256	628	49	27	30	-23
1.258	629	48	21	31	-28
1.26	630	48	18	32	-63
1.262	631	46	6	34	-49
1.264	632	45	0	35	-55
1.266	633	44	-5	36	-49
1.268	634	42	-10	36	-50
1.27	635	40	-18	37	-51
1.272	636	39	-20	37	-61
1.274	637	36	-30	38	-40
1.276	638	34	-34	38	-55
1.278	639	32	-38	38	-59
1.28	640	29	-45	38	-63
1.282	641	27	-49	38	-60
1.284	642	24	-56	38	-60
1.286	643	21	-60	37	-42
1.288	644	18	-64	36	-59
1.29	645	15	-71	36	-43
1.292	646	12	-75	35	-34
1.294	647	9	-79	34	-30
1.296	648	6	-83	33	-37
1.298	649	3	-84	31	-36
1.3	650	0	-88	30	-47
1.302	651	-2	-86	28	-31
1.304	652	-5	-90	27	-25
1.306	653	-8	-91	25	-30
1.308	654	-11	-92	23	-27
1.31	655	-14	-93	21	-16
1.312	656	-17	-95	19	-18
1.314	657	-20	-97	17	-3
1.316	658	-23	-99	15	-15
1.318	659	-26	-101	13	-22
1.32	660	-28	-100	11	-26
1.322	661	-31	-99	8	-9
1.324	662	-33	-98	6	-10
1.326	663	-35	-97	4	-8
1.328	664	-38	-96	1	-9
1.33	665	-39	-92	-1	5
1.332	666	-41	-91	-3	10
1.334	667	-43	-90	-5	4
1.336	668	-44	-86	-7	-3
1.338	669	-45	-79	-10	3
1.34	670	-47	-78	-12	15
1.342	671	-47	-71	-14	33
1.344	672	-48	-64	-17	19
1.346	673	-49	-60	-19	18
1.348	674	-49	-53	-21	22
1.35	675	-49	-47	-23	30
1.352	676	-49	-41	-25	38
1.354	677	-49	-38	-26	30
1.356	678	-48	-29	-28	24
1.358	679	-47	-20	-30	41
1.36	680	-47	-17	-31	50
1.362	681	-45	-8	-32	49
1.364	682	-44	0	-34	43
1.366	683	-43	5	-35	48
1.368	684	-41	10	-35	49
1.37	685	-39	18	-36	57
1.372	686	-38	23	-37	52
1.374	687	-35	30	-37	46
1.376	688	-33	34	-37	50
1.378	689	-31	41	-38	56
1.38	690	-28	48	-38	54
1.382	691	-26	52	-38	52
1.384	692	-23	59	-38	43
1.386	693	-20	63	-37	49
1.388	694	-17	67	-36	55
1.39	695	-14	74	-36	51
1.392	696	-11	78	-35	37
1.394	697	-8	82	-34	34
1.396	698	-5	86	-33	40
1.398	699	-2	87	-31	42
1.4	700	0	88	-30	40
1.402	701	3	89	-28	25
1.404	702	6	93	-27	27
1.406	703	9	94	-25	29
1.408	704	12	95	-23	35
1.41	705	15	96	-21	21
1.412	706	18	97	-19	17
1.414	707	21	99	-17	12
1.416	708	24	101	-15	18
1.418	709	27	103	-13	18
1.42	710	29	102	-11	10
1.422	711	32	101	-8	5
1.424	712	34	100	-6	8
1.426	713	36	99	-4	4
1.428	714	39	98	-1	7
1.43	715	40	94	1	-4
1.432	716	42	93	3	-10
1.434	717	44	92	5	-5
1.436	718	45	88	7	-7
1.438	719	46	81	10	-7
1.44	720	48	80	12	-34
1.442	721	48	73	14	-34
1.444	722	49	69	16	-14
1.446	723	50	62	19	-11
1.448	724	50	55	21	-25
1.45	725	50	49	23	-20
1.452	726	50	43	25	-34
1.454	727	50	40	26	-24
1.456	728	49	31	28	-27
1.458	729	48	25	29	-46
1.46	730	48	19	31	-44
1.462	731	46	10	32	-55
1.464	732	45	4	33	-36
1.466	733	44	-1	34	-39
1.468	734	42	-9	35	-44
1.47	735	40	-17	36	-57
1.472	736	39	-19	36	-44
1.474	737	36	-29	37	-50
1.476	738	34	-33	37	-51
1.478	739	32	-37	37	-65
1.48	740	29	-44	37	-60
1.482	741	27	-48	37	-59
1.484	742	24	-55	37	-42
1.486	743	21	-59	36	-54
1.488	744	18	-66	36	-50
1.49	745	15	-70	35	-51
1.492	746	12	-74	34	-38
1.494	747	9	-78	33	-42
1.496	748	6	-82	32	-38
1.498	749	3	-86	31	-52
1.5	750	0	-87	29	-35
1.502	751	-2	-88	28	-29
1.504	752	-5	-89	26	-21
1.506	753	-8	-93	25	-25
1.508	754	-11	-94	23	-22
1.51	755	-14	-95	21	-17
1.512	756	-17	-96	19	-5
1.514	757	-20	-97	17	-12
1.516	758	-23	-99	15	-17
1.518	759	-26	-101	13	-13
1.52	760	-28	-100	11	-13
1.522	761	-31	-99	8	0
1.524	762	-33	-98	6	4
1.526	763	-35	-97	4	-5
1.528	764	-38	-99	2	0
1.53	765	-39	-95	0	10
1.532	766	-41	-94	-2	12
1.534	767	-43	-90	-5	-2
1.536	768	-44	-86	-7	-3
1.538	769	-45	-82	-9	17
1.54	770	-47	-81	-11	33
1.542	771	-47	-71	-14	17
1.544	772	-48	-67	-16	13
1.546	773	-49	-63	-18	17
1.548	774	-49	-56	-20	20
1.55	775	-49	-50	-22	36
1.552	776	-49	-47	-23	29
1.554	777	-49	-41	-25	26
1.556	778	-48	-32	-27	40
1.558	779	-47	-26	-28	48
1.56	780	-47	-20	-30	55
1.562	781	-45	-11	-31	48
1.564	782	-44	-5	-32	50
1.566	783	-43	0	-33	42
1.568	784	-41	8	-34	60
1.57	785	-39	13	-34	55
1.572	786	-38	18	-35	50
1.574	787	-35	26	-35	54
1.576	788	-33	30	-35	61
1.578	789	-31	37	-36	67
1.58	790	-28	44	-36	65
1.582	791	-26	48	-36	52
1.584	792	-23	52	-35	53
1.586	793	-20	59	-35	58
1.588	794	-17	63	-34	60
1.59	795	-14	70	-34	42
1.592	796	-11	74	-33	39
1.594	797	-8	78	-32	41
1.596	798	-5	82	-31	46
1.598	799	-2	83	-29	46
1.6	800	0	84	-28	30
1.602	801	3	85	-26	28
1.604	802	6	89	-25	31
1.606	803	9	90	-23	32
1.608	804	12	91	-21	22
1.61	805	15	92	-19	19
1.612	806	18	93	-17	12
1.614	807	21	95	-15	21
1.616	808	24	97	-13	25
1.618	809	27	99	-11	19
1.62	810	29	98	-9	11
1.622	811	32	97	-6	12
1.624	812	34	96	-4	10
1.626	813	36	95	-2	13
1.628	814	39	94	1	6
1.63	815	40	90	3	-1
1.632	816	42	89	5	-3
1.634	817	44	88	7	7
1.636	818	45	84	9	3
1.638	819	46	77	12	-6
1.64	820	48	76	14	-15
1.642	821	48	69	16	-19
1.644	822	49	65	18	-29
1.646	823	50	58	21	-13
1.648	824	50	51	23	-28
1.65	825	50	45	25	-25
1.652	826	50	42	26	-21
1.654	827	50	36	28	-27
1.656	828	49	27	30	-32
1.658	829	48	21	31	-27
1.66	830	48	15	33	-57
1.662	831	46	6	34	-48
1.664	832	45	0	35	-47
1.666	833	44	-5	36	-47
1.668	834	42	-13	37	-53
1.67	835	40	-21	38	-43
1.672	836	39	-23	38	-55
1.674	837	36	-30	38	-36
1.676	838	34	-37	39	-51
1.678	839	32	-41	39	-54
1.68	840	29	-48	39	-58
1.682	841	27	-52	39	-50
1.684	842	24	-56	38	-59
1.686	843	21	-63	38	-45
1.688	844	18	-67	37	-53
1.69	845	15	-71	36	-45
1.692	846	12	-78	36	-37
1.694	847	9	-82	35	-34
1.696	848	6	-83	33	-35
1.698	849	3	-87	32	-34
1.7	850	0	-91	31	-40
1.702	851	-2	-89	29	-35
1.704	852	-5	-93	28	-30
1.706	853	-8	-94	26	-27
1.708	854	-11	-95	24	-27
1.71	855	-14	-96	22	-18
1.712	856	-17	-97	20	-18
1.714	857	-20	-99	18	-3
1.716	858	-23	-101	16	-15
1.718	859	-26	-103	14	-17
1.72	860	-28	-102	12	-14
1.722	861	-31	-101	9	-8
1.724	862	-33	-100	7	-9
1.726	863	-35	-99	5	-5
1.728	864	-38	-98	2	-1
1.73	865	-39	-94	0	6
1.732	866	-41	-93	-2	13
1.734	867	-43	-92	-4	9
1.736	868	-44	-88	-6	5
1.738	869	-45	-81	-9	3
1.74	870	-47	-80	-11	37
1.742	871	-47	-73	-13	22
1.744	872	-48	-69	-15	21
1.746	873	-49	-62	-18	14
1.748	874	-49	-55	-20	21
1.75	875	-49	-49	-22	30
1.752	876	-49	-43	-24	42
1.754	877	-49	-40	-25	29
1.756	878	-48	-31	-27	28
1.758	879	-47	-25	-28	45
1.76	880	-47	-19	-30	42
1.762	881	-45	-10	-31	52
1.764	882	-44	-4	-32	40
1.766	883	-43	1	-33	40
1.768	884	-41	9	-34	47
1.77	885	-39	17	-35	60
1.772	886	-38	19	-35	46
1.774	887	-35	29	-36	52
1.776	888	-33	33	-36	53
1.778	889	-31	37	-36	60
1.78	890	-28	44	-36	56
1.782	891	-26	48	-36	56
1.784	892	-23	52	-35	43
1.786	893	-20	59	-35	55
1.788	894	-17	63	-34	54
1.79	895	-14	67	-33	50
1.792	896	-11	74	-33	43
1.794	897	-8	78	-32	43
1.796	898	-5	82	-31	43
1.798	899	-2	83	-29	47
1.8	900	0	84	-28	36
1.802	901	3	85	-26	28
1.804	902	6	89	-25	24
1.806	903	9	90	-23	28
1.808	904	12	91	-21	24
1.81	905	15	95	-20	19
1.812	906	18	96	-18	15
1.814	907	21	97	-16	14
1.816	908	24	99	-14	21
1.818	909	27	98	-11	16
1.82	910	29	97	-9	6
1.822	911	32	99	-7	1
1.824	912	34	98	-5	4
1.826	913	36	94	-2	4
1.828	914	39	96	0	6
1.83	915	40	92	2	-6
1.832	916	42	91	4	-5
1.834	917	44	90	6	1
1.836	918	45	86	8	-4
1.838	919	46	79	11	-5
1.84	920	48	78	13	-13
1.842	921	48	71	15	-44
1.844	922	49	67	17	-9
1.846	923	50	63	19	-16
1.848	924	50	56	21	-19
1.85	925	50	50	23	-22
1.852	926	50	44	25	-24
1.854	927	50	38	27	-30
1.856	928	49	29	29	-23
1.858	929	48	23	30	-48
1.86	930	48	20	31	-46
1.862	931	46	8	33	-53
1.864	932	45	2	34	-38
1.866	933	44	-3	35	-50
1.868	934	42	-8	35	-42
1.87	935	40	-16	36	-58
1.872	936	39	-21	37	-45
1.874	937	36	-28	37	-52
1.876	938	34	-32	37	-51
1.878	939	32	-36	37	-64
1.88	940	29	-43	37	-63
1.882	941	27	-44	36	-64
1.884	942	24	-51	36	-45
1.886	943	21	-58	36	-52
1.888	944	18	-62	35	-53
1.89	945	15	-66	34	-47
1.892	946	12	-70	33	-34
1.894	947	9	-74	32	-37
1.896	948	6	-78	31	-36
1.898	949	3	-82	30	-46
1.9	950	0	-86	29	-41
1.902	951	-2	-84	27	-25
1.904	952	-5	-88	26	-25
1.906	953	-8	-89	24	-29
1.908	954	-11	-90	22	-20
1.91	955	-14	-91	20	-18
1.912	956	-17	-95	19	-5
1.914	957	-20	-97	17	-9
1.916	958	-23	-99	15	-19
1.918	959	-26	-98	12	-16
1.92	960	-28	-97	10	-17
1.922	961	-31	-99	8	-6
1.924	962	-33	-98	6	-3
1.926	963	-35	-94	3	-9
1.928	964	-38	-96	1	-8
1.93	965	-39	-92	-1	7
1.932	966	-41	-91	-3	10
1.934	967	-43	-90	-5	-1
1.936	968	-44	-86	-7	-6
1.938	969	-45	-82	-9	-1
1.94	970	-47	-78	-12	32
1.942	971	-47	-71	-14	25
1.944	972	-48	-67	-16	13
1.946	973	-49	-63	-18	15
1.948	974	-49	-56	-20	20
1.95	975	-49	-50	-22	30
1.952	976	-49	-44	-24	32
1.954	977	-49	-38	-26	27
1.956	978	-48	-32	-27	30
1.958	979	-47	-23	-29	49
1.96	980	-47	-20	-30	48
1.962	981	-45	-11	-31	53
1.964	982	-44	-2	-33	45
1.966	983	-43	3	-34	47
1.968	984	-41	8	-34	54
1.97	985	-39	16	-35	63
1.972	986	-38	21	-36	48
1.974	987	-35	28	-36	48
1.976	988	-33	32	-36	56
1.978	989	-31	39	-37	63
1.98	990	-28	46	-37	57
1.982	991	-26	50	-37	54
1.984	992	-23	54	-36	42
1.986	993	-20	61	-36	55
1.988	994	-17	65	-35	57
1.99	995	-14	72	-35	45
1.992	996	-11	76	-34	36
1.994	997	-8	80	-33	38
1.996	998	-5	84	-32	42
1.998	999	-2	85	-30	46
2	1000	0	86	-29	37
2.002	1001	3	87	-27	25
2.004	1002	6	91	-26	26
2.006	1003	9	92	-24	34
2.008	1004	12	93	-22	28
2.01	1005	15	94	-20	21
2.012	1006	18	95	-18	14
2.014	1007	21	97	-16	15
2.016	1008	24	99	-14	26
2.018	1009	27	101	-12	23
2.02	1010	29	100	-10	9
2.022	1011	32	99	-7	7
2.024	1012	34	98	-5	10
2.026	1013	36	97	-3	13
2.028	1014	39	96	0	8
2.03	1015	40	92	2	-5
2.032	1016	42	91	4	-6
2.034	1017	44	90	6	2
2.036	1018	45	86	8	0
2.038	1019	46	79	11	-5
2.04	1020	48	78	13	-10
2.042	1021	48	71	15	-37
2.044	1022	49	67	17	-22
2.046	1023	50	60	20	-18
2.048	1024	50	53	22	-18
2.05	1025	50	47	24	-28
2.052	1026	50	41	26	-23
2.054	1027	50	38	27	-35
2.056	1028	49	29	29	-26
2.058	1029	48	23	30	-31
2.06	1030	48	17	32	-60
2.062	1031	46	8	33	-38
2.064	1032	45	2	34	-51
2.066	1033	44	-3	35	-40
2.068	1034	42	-11	36	-45
2.07	1035	40	-19	37	-45
2.072	1036	39	-21	37	-56
2.074	1037	36	-31	38	-37
2.076	1038	34	-35	38	-52
2.078	1039	32	-39	38	-58
2.08	1040	29	-43	37	-54
2.082	1041	27	-47	37	-57
2.084	1042	24	-54	37	-49
2.086	1043	21	-58	36	-43
2.088	1044	18	-65	36	-57
2.09	1045	15	-69	35	-45
2.092	1046	12	-73	34	-35
2.094	1047	9	-77	33	-35
2.096	1048	6	-81	32	-40
2.098	1049	3	-85	31	-40
2.1	1050	0	-89	30	-44
2.102	1051	-2	-87	28	-25
2.104	1052	-5	-88	26	-25
2.106	1053	-8	-92	25	-30
2.108	1054	-11	-93	23	-27
2.11	1055	-14	-94	21	-16
2.112	1056	-17	-95	19	-11
2.114	1057	-20	-97	17	-4
2.116	1058	-23	-99	15	-19
2.118	1059	-26	-101	13	-18
2.12	1060	-28	-100	11	-8
2.122	1061	-31	-102	9	-5
2.124	1062	-33	-101	7	-11
2.126	1063	-35	-97	4	0
2.128	1064	-38	-99	2	-2
2.13	1065	-39	-95	0	7
2.132	1066	-41	-94	-2	10
2.134	1067	-43	-93	-4	6
2.136	1068	-44	-89	-6	2
2.138	1069	-45	-82	-9	2
2.14	1070	-47	-81	-11	44
2.142	1071	-47	-74	-13	19
2.144	1072	-48	-70	-15	23
2.146	1073	-49	-66	-17	8
2.148	1074	-49	-59	-19	18
2.15	1075	-49	-53	-21	30
2.152	1076	-49	-47	-23	42
2.154	1077	-49	-41	-25	20
2.156	1078	-48	-32	-27	36
2.158	1079	-47	-26	-28	46
2.16	1080	-47	-20	-30	51
2.162	1081	-45	-11	-31	42
2.164	1082	-44	-5	-32	46
2.166	1083	-43	0	-33	37
2.168	1084	-41	8	-34	65
2.17	1085	-39	16	-35	50
2.172	1086	-38	18	-35	50
2.174	1087	-35	28	-36	52
2.176	1088	-33	32	-36	62
2.178	1089	-31	36	-36	64
2.18	1090	-28	43	-36	64
2.182	1091	-26	47	-36	54
2.184	1092	-23	54	-36	49
2.186	1093	-20	58	-35	57
2.188	1094	-17	65	-35	55
2.19	1095	-14	69	-34	46
2.192	1096	-11	73	-33	42
2.194	1097	-8	77	-32	40
2.196	1098	-5	81	-31	44
2.198	1099	-2	85	-30	51
2.2	1100	0	83	-28	36
2.202	1101	3	87	-27	27
2.204	1102	6	88	-25	24
2.206	1103	9	92	-24	31
2.208	1104	12	93	-22	23
2.21	1105	15	94	-20	21
2.212	1106	18	95	-18	7
2.214	1107	21	97	-16	18
2.216	1108	24	99	-14	24
2.218	1109	27	101	-12	19
2.22	1110	29	100	-10	7
2.222	1111	32	99	-7	6
2.224	1112	34	98	-5	3
2.226	1113	36	97	-3	14
2.228	1114	39	96	0	3
2.23	1115	40	92	2	-3
2.232	1116	42	91	4	-6
2.234	1117	44	90	6	5
2.236	1118	45	86	8	5
2.238	1119	46	82	10	-3
2.24	1120	48	81	12	-12
2.242	1121	48	74	14	-40
2.244	1122	49	67	17	-15
2.246	1123	50	63	19	-21
2.248	1124	50	56	21	-13
2.25	1125	50	50	23	-26
2.252	1126	50	44	25	-22
2.254	1127	50	41	26	-37
2.256	1128	49	32	28	-21
2.258	1129	48	23	30	-36
2.26	1130	48	20	31	-60
2.262	1131	46	11	32	-47
2.264	1132	45	2	34	-51
2.266	1133	44	-3	35	-45
2.268	1134	42	-8	35	-46
2.27	1135	40	-16	36	-55
2.272	1136	39	-21	37	-56
2.274	1137	36	-28	37	-36
2.276	1138	34	-32	37	-54
2.278	1139	32	-36	37	-64
2.28	1140	29	-43	37	-62
2.282	1141	27	-47	37	-55
2.284	1142	24	-51	36	-52
2.286	1143	21	-58	36	-44
2.288	1144	18	-62	35	-65
2.29	1145	15	-66	34	-41
2.292	1146	12	-73	34	-36
2.294	1147	9	-77	33	-33
2.296	1148	6	-81	32	-40
2.298	1149	3	-82	30	-38
2.3	1150	0	-86	29	-45
2.302	1151	-2	-84	27	-25
2.304	1152	-5	-88	26	-27
2.306	1153	-8	-89	24	-31
2.308	1154	-11	-93	23	-25
2.31	1155	-14	-94	21	-18
2.312	1156	-17	-95	19	-14
2.314	1157	-20	-97	17	-10
2.316	1158	-23	-99	15	-11
2.318	1159	-26	-101	13	-25
2.32	1160	-28	-97	10	-8
2.322	1161	-31	-99	8	-7
2.324	1162	-33	-98	6	-9
2.326	1163	-35	-97	4	-8
2.328	1164	-38	-96	1	-6
2.33	1165	-39	-92	-1	1
2.332	1166	-41	-91	-3	12
2.334	1167	-43	-90	-5	-1
2.336	1168	-44	-86	-7	0
2.338	1169	-45	-82	-9	3
2.34	1170	-47	-78	-12	17
2.342	1171	-47	-71	-14	36
2.344	1172	-48	-67	-16	13
2.346	1173	-49	-63	-18	16
2.348	1174	-49	-56	-20	26
2.35	1175	-49	-50	-22	25
2.352	1176	-49	-44	-24	31
2.354	1177	-49	-38	-26	33
2.356	1178	-48	-32	-27	27
2.358	1179	-47	-23	-29	39
2.36	1180	-47	-20	-30	49
2.362	1181	-45	-8	-32	51
2.364	1182	-44	-2	-33	41
2.366	1183	-43	3	-34	55
2.368	1184	-41	11	-35	41
2.37	1185	-39	16	-35	66
2.372	1186	-38	21	-36	47
2.374	1187	-35	28	-36	44
2.376	1188	-33	35	-37	52
2.378	1189	-31	39	-37	62
2.38	1190	-28	46	-37	59
2.382	1191	-26	50	-37	55
2.384	1192	-23	54	-36	46
2.386	1193	-20	61	-36	52
2.388	1194	-17	65	-35	57
2.39	1195	-14	72	-35	50
2.392	1196	-11	76	-34	33
2.394	1197	-8	80	-33	40
2.396	1198	-5	84	-32	40
2.398	1199	-2	85	-30	46
2.4	1200	0	86	-29	40
2.402	1201	3	90	-28	29
2.404	1202	6	91	-26	26
2.406	1203	9	92	-24	31
2.408	1204	12	93	-22	31
2.41	1205	15	94	-20	17
2.412	1206	18	95	-18	18
2.414	1207	21	97	-16	12
2.416	1208	24	99	-14	20
2.418	1209	27	101	-12	19
2.42	1210	29	100	-10	13
2.422	1211	32	102	-8	6
2.424	1212	34	98	-5	9
2.426	1213	36	97	-3	5
2.428	1214	39	99	-1	9
2.43	1215	40	92	2	-3
2.432	1216	42	91	4	-4
2.434	1217	44	90	6	-5
2.436	1218	45	86	8	4
2.438	1219	46	79	11	-7
2.44	1220	48	78	13	-11
2.442	1221	48	71	15	-45
2.444	1222	49	67	17	-13
2.446	1223	50	60	20	-13
2.448	1224	50	53	22	-20
2.45	1225	50	47	24	-27
2.452	1226	50	44	25	-21
2.454	1227	50	38	27	-41
2.456	1228	49	29	29	-17
2.458	1229	48	23	30	-46
2.46	1230	48	17	32	-47
2.462	1231	46	8	33	-46
2.464	1232	45	2	34	-40
2.466	1233	44	-3	35	-47
2.468	1234	42	-11	36	-42
2.47	1235	40	-19	37	-57
2.472	1236	39	-21	37	-42
2.474	1237	36	-31	38	-45
2.476	1238	34	-35	38	-50
2.478	1239	32	-39	38	-63
2.48	1240	29	-46	38	-51
2.482	1241	27	-50	38	-60
2.484	1242	24	-57	38	-43
2.486	1243	21	-61	37	-51
2.488	1244	18	-68	37	-57
2.49	1245	15	-72	36	-47
2.492	1246	12	-76	35	-32
2.494	1247	9	-80	34	-40
2.496	1248	6	-84	33	-35
2.498	1249	3	-88	32	-46
2.5	1250	0	-89	30	-40
2.502	1251	-2	-90	29	-23
2.504	1252	-5	-91	27	-27
2.506	1253	-8	-92	25	-33
2.508	1254	-11	-96	24	-21
2.51	1255	-14	-97	22	-16
2.512	1256	-17	-98	20	-11
2.514	1257	-20	-99	18	-5
2.516	1258	-23	-101	16	-23
2.518	1259	-26	-103	14	-14
2.52	1260	-28	-99	11	-4
2.522	1261	-31	-101	9	1
2.524	1262	-33	-100	7	-9
2.526	1263	-35	-99	5	-4
2.528	1264	-38	-98	2	0
2.53	1265	-39	-94	0	10
2.532	1266	-41	-93	-2	11
2.534	1267	-43	-92	-4	1
2.536	1268	-44	-88	-6	7
2.538	1269	-45	-81	-9	9
2.54	1270	-47	-80	-11	41
2.542	1271	-47	-73	-13	17
2.544	1272	-48	-69	-15	19
2.546	1273	-49	-65	-17	8
2.548	1274	-49	-58	-19	23
2.55	1275	-49	-52	-21	29
2.552	1276	-49	-46	-23	31
2.554	1277	-49	-40	-25	26
2.556	1278	-48	-34	-26	37
2.558	1279	-47	-25	-28	51
2.56	1280	-47	-22	-29	52
2.562	1281	-45	-10	-31	45
2.564	1282	-44	-4	-32	41
2.566	1283	-43	1	-33	43
2.568	1284	-41	9	-34	60
2.57	1285	-39	14	-34	56
2.572	1286	-38	19	-35	45
2.574	1287	-35	26	-35	53
2.576	1288	-33	30	-35	62
2.578	1289	-31	37	-36	67
2.58	1290	-28	44	-36	59
2.582	1291	-26	48	-36	54
2.584	1292	-23	52	-35	48
2.586	1293	-20	59	-35	58
2.588	1294	-17	63	-34	53
2.59	1295	-14	70	-34	44
2.592	1296	-11	74	-33	40
2.594	1297	-8	78	-32	42
2.596	1298	-5	82	-31	46
2.598	1299	-2	83	-29	46
2.6	1300	0	84	-28	32
2.602	1301	3	85	-26	27
2.604	1302	6	89	-25	29
2.606	1303	9	90	-23	32
2.608	1304	12	91	-21	23
2.61	1305	15	92	-19	17
2.612	1306	18	93	-17	9
2.614	1307	21	95	-15	19
2.616	1308	24	97	-13	23
2.618	1309	27	99	-11	18
2.62	1310	29	98	-9	5
2.622	1311	32	100	-7	5
2.624	1312	34	96	-4	10
2.626	1313	36	95	-2	10
2.628	1314	39	97	0	5
2.63	1315	40	93	2	-8
2.632	1316	42	92	4	-1
2.634	1317	44	91	6	2
2.636	1318	45	87	8	1
2.638	1319	46	83	10	-12
2.64	1320	48	82	12	-9
2.642	1321	48	72	15	-41
2.644	1322	49	68	17	-11
2.646	1323	50	64	19	-14
2.648	1324	50	57	21	-19
2.65	1325	50	51	23	-27
2.652	1326	50	45	25	-17
2.654	1327	50	39	27	-31
2.656	1328	49	33	28	-25
2.658	1329	48	24	30	-39
2.66	1330	48	21	31	-55
2.662	1331	46	9	33	-40
2.664	1332	45	3	34	-50
2.666	1333	44	-2	35	-49
2.668	1334	42	-10	36	-50
2.67	1335	40	-15	36	-54
2.672	1336	39	-20	37	-45
2.674	1337	36	-28	37	-38
2.676	1338	34	-35	38	-57
2.678	1339	32	-39	38	-65
2.68	1340	29	-46	38	-54
2.682	1341	27	-50	38	-60
2.684	1342	24	-54	37	-54
2.686	1343	21	-61	37	-54
2.688	1344	18	-65	36	-60
2.69	1345	15	-72	36	-42
2.692	1346	12	-76	35	-35
2.694	1347	9	-80	34	-38
2.696	1348	6	-84	33	-42
2.698	1349	3	-85	31	-39
2.7	1350	0	-89	30	-45
2.702	1351	-2	-87	28	-29
2.704	1352	-5	-91	27	-30
2.706	1353	-8	-92	25	-34
2.708	1354	-11	-93	23	-24
2.71	1355	-14	-94	21	-15
2.712	1356	-17	-95	19	-13
2.714	1357	-20	-97	17	-6
2.716	1358	-23	-99	15	-26
2.718	1359	-26	-101	13	-14
2.72	1360	-28	-100	11	-9
2.722	1361	-31	-102	9	-8
2.724	1362	-33	-98	6	-18
2.726	1363	-35	-97	4	0
2.728	1364	-38	-99	2	0
2.73	1365	-39	-92	-1	5
2.732	1366	-41	-91	-3	10
2.734	1367	-43	-90	-5	3
2.736	1368	-44	-86	-7	3
2.738	1369	-45	-82	-9	11
2.74	1370	-47	-78	-12	18
2.742	1371	-47	-71	-14	27
2.744	1372	-48	-67	-16	11
2.746	1373	-49	-63	-18	20
2.748	1374	-49	-56	-20	25
2.75	1375	-49	-50	-22	26
2.752	1376	-49	-44	-24	29
2.754	1377	-49	-38	-26	33
2.756	1378	-48	-32	-27	30
2.758	1379	-47	-23	-29	50
2.76	1380	-47	-20	-30	45
2.762	1381	-45	-8	-32	42
2.764	1382	-44	-2	-33	39
2.766	1383	-43	3	-34	55
2.768	1384	-41	11	-35	48
2.77	1385	-39	16	-35	59
2.772	1386	-38	21	-36	45
2.774	1387	-35	28	-36	52
2.776	1388	-33	35	-37	55
2.778	1389	-31	39	-37	62
2.78	1390	-28	46	-37	55
2.782	1391	-26	50	-37	54
2.784	1392	-23	57	-37	52
2.786	1393	-20	61	-36	53
2.788	1394	-17	65	-35	57
2.79	1395	-14	72	-35	48
2.792	1396	-11	76	-34	39
2.794	1397	-8	80	-33	40
2.796	1398	-5	84	-32	43
2.798	1399	-2	85	-30	42
2.8	1400	0	86	-29	39
2.802	1401	3	87	-27	27
2.804	1402	6	91	-26	28
2.806	1403	9	92	-24	31
2.808	1404	12	93	-22	30
2.81	1405	15	94	-20	18
2.812	1406	18	95	-18	13
2.814	1407	21	97	-16	14
2.816	1408	24	99	-14	20
2.818	1409	27	101	-12	17
2.82	1410	29	100	-10	8
2.822	1411	32	99	-7	5
2.824	1412	34	98	-5	9
2.826	1413	36	97	-3	9
2.828	1414	39	96	0	7
2.83	1415	40	92	2	-6
2.832	1416	42	91	4	-5
2.834	1417	44	90	6	-1
2.836	1418	45	86	8	-1
2.838	1419	46	79	11	-6
2.84	1420	48	78	13	-19
2.842	1421	48	71	15	-39
2.844	1422	49	67	17	-7
2.846	1423	50	60	20	-22
2.848	1424	50	53	22	-18
2.85	1425	50	47	24	-20
2.852	1426	50	44	25	-26
2.854	1427	50	38	27	-28
2.856	1428	49	29	29	-27
2.858	1429	48	23	30	-39
2.86	1430	48	17	32	-55
2.862	1431	46	8	33	-41
2.864	1432	45	2	34	-47
2.866	1433	44	-3	35	-45
2.868	1434	42	-11	36	-46
2.87	1435	40	-19	37	-57
2.872	1436	39	-21	37	-48
2.874	1437	36	-31	38	-44
2.876	1438	34	-35	38	-54
2.878	1439	32	-39	38	-62
2.88	1440	29	-46	38	-57
2.882	1441	27	-50	38	-58
2.884	1442	24	-57	38	-50
2.886	1443	21	-61	37	-50
2.888	1444	18	-65	36	-59
2.89	1445	15	-72	36	-39
2.892	1446	12	-76	35	-35
2.894	1447	9	-80	34	-38
2.896	1448	6	-84	33	-41
2.898	1449	3	-85	31	-39
2.9	1450	0	-89	30	-41
2.902	1451	-2	-87	28	-23
2.904	1452	-5	-91	27	-31
2.906	1453	-8	-92	25	-31
2.908	1454	-11	-93	23	-22
2.91	1455	-14	-94	21	-13
2.912	1456	-17	-95	19	-14
2.914	1457	-20	-97	17	-7
2.916	1458	-23	-99	15	-28
2.918	1459	-26	-101	13	-10
2.92	1460	-28	-100	11	-9
2.922	1461	-31	-102	9	-1
2.924	1462	-33	-98	6	-16
2.926	1463	-35	-97	4	1
2.928	1464	-38	-99	2	0
2.93	1465	-39	-95	0	8
2.932	1466	-41	-94	-2	6
2.934	1467	-43	-93	-4	2
2.936	1468	-44	-86	-7	0
2.938	1469	-45	-82	-9	14
2.94	1470	-47	-81	-11	35
2.942	1471	-47	-74	-13	14
2.944	1472	-48	-70	-15	17
2.946	1473	-49	-63	-18	16
2.948	1474	-49	-56	-20	22
2.95	1475	-49	-53	-21	32
2.952	1476	-49	-47	-23	29
2.954	1477	-49	-41	-25	24
2.956	1478	-48	-32	-27	40
2.958	1479	-47	-26	-28	49
2.96	1480	-47	-20	-30	50
2.962	1481	-45	-11	-31	43
2.964	1482	-44	-5	-32	45
2.966	1483	-43	0	-33	43
2.968	1484	-41	8	-34	63
2.97	1485	-39	16	-35	49
2.972	1486	-38	18	-35	48
2.974	1487	-35	28	-36	54
2.976	1488	-33	32	-36	61
2.978	1489	-31	36	-36	65
2.98	1490	-28	43	-36	60
2.982	1491	-26	47	-36	49
2.984	1492	-23	54	-36	51
2.986	1493	-20	58	-35	59
2.988	1494	-17	65	-35	53
2.99	1495	-14	69	-34	42
2.992	1496	-11	73	-33	40
2.994	1497	-8	77	-32	41
2.996	1498	-5	81	-31	49
2.998	1499	-2	85	-30	44
3	1500	0	83	-28	29
3.002	1501	3	87	-27	27
3.004	1502	6	88	-25	29
3.006	1503	9	89	-23	31
3.008	1504	12	93	-22	20
3.01	1505	15	94	-20	17
3.012	1506	18	95	-18	11
3.014	1507	21	97	-16	22
3.016	1508	24	99	-14	24
3.018	1509	27	98	-11	13
3.02	1510	29	97	-9	5
3.022	1511	32	99	-7	8
3.024	1512	34	98	-5	9
3.026	1513	36	94	-2	10
3.028	1514	39	96	0	3
3.03	1515	40	92	2	-5
3.032	1516	42	91	4	-1
3.034	1517	44	87	7	4
3.036	1518	45	83	9	-1
3.038	1519	46	79	11	-4
3.04	1520	48	78	13	-10
3.042	1521	48	68	16	-35
3.044	1522	49	64	18	-15
3.046	1523	50	60	20	-21
3.048	1524	50	53	22	-24
3.05	1525	50	47	24	-24
3.052	1526	50	41	26	-19
3.054	1527	50	38	27	-29
3.056	1528	49	29	29	-34
3.058	1529	48	23	30	-36
3.06	1530	48	17	32	-57
3.062	1531	46	8	33	-38
3.064	1532	45	2	34	-54
3.066	1533	44	-3	35	-48
3.068	1534	42	-11	36	-48
3.07	1535	40	-19	37	-50
3.072	1536	39	-21	37	-52
3.074	1537	36	-28	37	-38
3.076	1538	34	-35	38	-56
3.078	1539	32	-39	38	-61
3.08	1540	29	-46	38	-55
3.082	1541	27	-50	38	-56
3.084	1542	24	-54	37	-55
3.086	1543	21	-61	37	-50
3.088	1544	18	-65	36	-58
3.09	1545	15	-72	36	-37
3.092	1546	12	-76	35	-34
3.094	1547	9	-80	34	-37
3.096	1548	6	-81	32	-44
3.098	1549	3	-85	31	-35
3.1	1550	0	-89	30	-42
3.102	1551	-2	-87	28	-31
3.104	1552	-5	-91	27	-32
3.106	1553	-8	-92	25	-31
3.108	1554	-11	-93	23	-22
3.11	1555	-14	-94	21	-13
3.112	1556	-17	-95	19	-19
3.114	1557	-20	-97	17	-7
3.116	1558	-23	-99	15	-24
3.118	1559	-26	-101	13	-13
3.12	1560	-28	-100	11	-13
3.122	1561	-31	-102	9	-8
3.124	1562	-33	-98	6	-20
3.126	1563	-35	-97	4	4
3.128	1564	-38	-99	2	1
3.13	1565	-39	-92	-1	3
3.132	1566	-41	-91	-3	10
3.134	1567	-43	-90	-5	0
3.136	1568	-44	-86	-7	3
3.138	1569	-45	-82	-9	9
3.14	1570	-47	-78	-12	28
3.142	1571	-47	-71	-14	20
3.144	1572	-48	-67	-16	14
3.146	1573	-49	-63	-18	16
3.148	1574	-49	-56	-20	27
3.15	1575	-49	-50	-22	28
3.152	1576	-49	-44	-24	31
3.154	1577	-49	-38	-26	28
3.156	1578	-48	-32	-27	33
3.158	1579	-47	-23	-29	51
3.16	1580	-47	-20	-30	41
3.162	1581	-45	-11	-31	41
3.164	1582	-44	-2	-33	41
3.166	1583	-43	3	-34	55
3.168	1584	-41	8	-34	50
3.17	1585	-39	16	-35	54
3.172	1586	-38	21	-36	44
3.174	1587	-35	28	-36	55
3.176	1588	-33	32	-36	56
3.178	1589	-31	36	-36	61
3.18	1590	-28	43	-36	55
3.182	1591	-26	47	-36	53
3.184	1592	-23	51	-35	49
3.186	1593	-20	58	-35	56
3.188	1594	-17	62	-34	54
3.19	1595	-14	69	-34	46
3.192	1596	-11	73	-33	40
3.194	1597	-8	77	-32	43
3.196	1598	-5	81	-31	44
3.198	1599	-2	82	-29	41
3.2	1600	0	83	-28	35
3.202	1601	3	87	-27	28
3.204	1602	6	88	-25	29
3.206	1603	9	89	-23	32
3.208	1604	12	90	-21	25
3.21	1605	15	94	-20	18
3.212	1606	18	95	-18	13
3.214	1607	21	97	-16	16
3.216	1608	24	99	-14	20
3.218	1609	27	98	-11	16
3.22	1610	29	97	-9	6
3.222	1611	32	99	-7	6
3.224	1612	34	98	-5	12
3.226	1613	36	94	-2	9
3.228	1614	39	96	0	5
3.23	1615	40	92	2	-7
3.232	1616	42	91	4	-1
3.234	1617	44	90	6	1
3.236	1618	45	86	8	-2
3.238	1619	46	79	11	-8
3.24	1620	48	78	13	-12
3.242	1621	48	71	15	-36
3.244	1622	49	67	17	-9
3.246	1623	50	60	20	-17
3.248	1624	50	53	22	-19
3.25	1625	50	50	23	-22
3.252	1626	50	44	25	-16
3.254	1627	50	38	27	-41
3.256	1628	49	29	29	-17
3.258	1629	48	23	30	-48
3.26	1630	48	17	32	-47
3.262	1631	46	8	33	-46
3.264	1632	45	2	34	-41
3.266	1633	44	-3	35	-50
3.268	1634	42	-11	36	-42
3.27	1635	40	-16	36	-57
3.272	1636	39	-21	37	-41
3.274	1637	36	-28	37	-46
3.276	1638	34	-32	37	-54
3.278	1639	32	-39	38	-65
3.28	1640	29	-46	38	-54
3.282	1641	27	-50	38	-64
3.284	1642	24	-54	37	-43
3.286	1643	21	-61	37	-54
3.288	1644	18	-65	36	-56
3.29	1645	15	-69	35	-43
3.292	1646	12	-76	35	-34
3.294	1647	9	-80	34	-39
3.296	1648	6	-81	32	-38
3.298	1649	3	-85	31	-45
3.3	1650	0	-89	30	-38
3.302	1651	-2	-87	28	-24
3.304	1652	-5	-91	27	-29
3.306	1653	-8	-92	25	-32
3.308	1654	-11	-93	23	-19
3.31	1655	-14	-94	21	-12
3.312	1656	-17	-95	19	-13
3.314	1657	-20	-97	17	-10
3.316	1658	-23	-99	15	-24
3.318	1659	-26	-101	13	-15
3.32	1660	-28	-100	11	-7
3.322	1661	-31	-102	9	-8
3.324	1662	-33	-98	6	-15
3.326	1663	-35	-97	4	-4
3.328	1664	-38	-99	2	2
3.33	1665	-39	-95	0	6
3.332	1666	-41	-94	-2	6
3.334	1667	-43	-93	-4	-3
3.336	1668	-44	-86	-7	6
3.338	1669	-45	-82	-9	2
3.34	1670	-47	-81	-11	36
3.342	1671	-47	-74	-13	20
3.344	1672	-48	-67	-16	18
3.346	1673	-49	-63	-18	14
3.348	1674	-49	-56	-20	28
3.35	1675	-49	-50	-22	26
3.352	1676	-49	-44	-24	32
3.354	1677	-49	-41	-25	25
3.356	1678	-48	-32	-27	31
3.358	1679	-47	-26	-28	52
3.36	1680	-47	-20	-30	48
3.362	1681	-45	-11	-31	48
3.364	1682	-44	-5	-32	45
3.366	1683	-43	0	-33	51
3.368	1684	-41	8	-34	51
3.37	1685	-39	16	-35	58
3.372	1686	-38	18	-35	43
3.374	1687	-35	28	-36	54
3.376	1688	-33	32	-36	58
3.378	1689	-31	36	-36	64
3.38	1690	-28	43	-36	53
3.382	1691	-26	44	-35	59
3.384	1692	-23	51	-35	47
3.386	1693	-20	58	-35	59
3.388	1694	-17	62	-34	52
3.39	1695	-14	66	-33	46
3.392	1696	-11	73	-33	35
3.394	1697	-8	77	-32	45
3.396	1698	-5	78	-30	41
3.398	1699	-2	82	-29	45
3.4	1700	0	83	-28	32
3.402	1701	3	84	-26	29
3.404	1702	6	88	-25	25
3.406	1703	9	89	-23	33
3.408	1704	12	90	-21	21
3.41	1705	15	94	-20	15
3.412	1706	18	95	-18	14
3.414	1707	21	97	-16	18
3.416	1708	24	99	-14	22
3.418	1709	27	98	-11	17
3.42	1710	29	97	-9	10
3.422	1711	32	99	-7	7
3.424	1712	34	98	-5	14
3.426	1713	36	94	-2	7
3.428	1714	39	96	0	5
3.43	1715	40	92	2	-6
3.432	1716	42	91	4	-2
3.434	1717	44	90	6	4
3.436	1718	45	83	9	2
3.438	1719	46	79	11	-6
3.44	1720	48	78	13	-7
3.442	1721	48	71	15	-44
3.444	1722	49	64	18	-13
3.446	1723	50	60	20	-17
3.448	1724	50	53	22	-19
3.45	1725	50	47	24	-30
3.452	1726	50	41	26	-20
3.454	1727	50	38	27	-43
3.456	1728	49	29	29	-17
3.458	1729	48	23	30	-53
3.46	1730	48	17	32	-49
3.462	1731	46	8	33	-50
3.464	1732	45	2	34	-41
3.466	1733	44	-3	35	-53
3.468	1734	42	-11	36	-44
3.47	1735	40	-19	37	-53
3.472	1736	39	-21	37	-45
3.474	1737	36	-31	38	-39
3.476	1738	34	-35	38	-52
3.478	1739	32	-39	38	-60
3.48	1740	29	-46	38	-55
3.482	1741	27	-50	38	-56
3.484	1742	24	-57	38	-48
3.486	1743	21	-61	37	-50
3.488	1744	18	-65	36	-56
3.49	1745	15	-72	36	-44
3.492	1746	12	-76	35	-33
3.494	1747	9	-80	34	-36
3.496	1748	6	-84	33	-40
3.498	1749	3	-85	31	-39
3.5	1750	0	-89	30	-45
3.502	1751	-2	-87	28	-23
3.504	1752	-5	-91	27	-31
3.506	1753	-8	-92	25	-30
3.508	1754	-11	-93	23	-25
3.51	1755	-14	-94	21	-16
3.512	1756	-17	-95	19	-14
3.514	1757	-20	-97	17	-16
3.516	1758	-23	-99	15	-16
3.518	1759	-26	-101	13	-21
3.52	1760	-28	-100	11	-4
3.522	1761	-31	-102	9	-18
3.524	1762	-33	-98	6	-6
3.526	1763	-35	-97	4	-1
3.528	1764	-38	-99	2	-5
3.53	1765	-39	-95	0	7
3.532	1766	-41	-94	-2	10
3.534	1767	-43	-93	-4	3
3.536	1768	-44	-89	-6	2
3.538	1769	-45	-85	-8	2
3.54	1770	-47	-84	-10	32
3.542	1771	-47	-74	-13	26
3.544	1772	-48	-70	-15	19
3.546	1773	-49	-66	-17	14
3.548	1774	-49	-59	-19	31
3.55	1775	-49	-53	-21	19
3.552	1776	-49	-47	-23	37
3.554	1777	-49	-41	-25	27
3.556	1778	-48	-35	-26	26
3.558	1779	-47	-26	-28	50
3.56	1780	-47	-23	-29	42
3.562	1781	-45	-11	-31	47
3.564	1782	-44	-5	-32	45
3.566	1783	-43	0	-33	51
3.568	1784	-41	8	-34	43
3.57	1785	-39	16	-35	54
3.572	1786	-38	18	-35	49
3.574	1787	-35	28	-36	49
3.576	1788	-33	32	-36	55
3.578	1789	-31	36	-36	62
3.58	1790	-28	43	-36	55
3.582	1791	-26	47	-36	60
3.584	1792	-23	54	-36	45
3.586	1793	-20	61	-36	55
3.588	1794	-17	65	-35	54
3.59	1795	-14	69	-34	53
3.592	1796	-11	73	-33	38
3.594	1797	-8	80	-33	42
3.596	1798	-5	81	-31	42
3.598	1799	-2	85	-30	44
3.6	1800	0	86	-29	39
3.602	1801	3	87	-27	27
3.604	1802	6	91	-26	26
3.606	1803	9	92	-24	34
3.608	1804	12	93	-22	22
3.61	1805	15	94	-20	22
3.612	1806	18	95	-18	11
3.614	1807	21	97	-16	15
3.616	1808	24	99	-14	18
3.618	1809	27	101	-12	18
3.62	1810	29	100	-10	8
3.622	1811	32	102	-8	7
3.624	1812	34	98	-5	8
3.626	1813	36	97	-3	5
3.628	1814	39	99	-1	3
3.63	1815	40	92	2	-2
3.632	1816	42	91	4	-8
3.634	1817	44	90	6	0
3.636	1818	45	86	8	-2
3.638	1819	46	82	10	-5
3.64	1820	48	78	13	-8
3.642	1821	48	71	15	-42
3.644	1822	49	67	17	-13
3.646	1823	50	63	19	-19
3.648	1824	50	56	21	-13
3.65	1825	50	50	23	-27
3.652	1826	50	44	25	-22
3.654	1827	50	38	27	-33
3.656	1828	49	29	29	-24
3.658	1829	48	23	30	-38
3.66	1830	48	17	32	-55
3.662	1831	46	8	33	-45
3.664	1832	45	2	34	-49
3.666	1833	44	-3	35	-45
3.668	1834	42	-11	36	-43
3.67	1835	40	-16	36	-62
3.672	1836	39	-21	37	-51
3.674	1837	36	-28	37	-42
3.676	1838	34	-35	38	-54
3.678	1839	32	-39	38	-62
3.68	1840	29	-46	38	-64
3.682	1841	27	-50	38	-59
3.684	1842	24	-54	37	-51
3.686	1843	21	-61	37	-48
3.688	1844	18	-65	36	-62
3.69	1845	15	-69	35	-45
3.692	1846	12	-76	35	-40
3.694	1847	9	-80	34	-35
3.696	1848	6	-81	32	-37
3.698	1849	3	-85	31	-43
3.7	1850	0	-89	30	-43
3.702	1851	-2	-87	28	-26
3.704	1852	-5	-91	27	-28
3.706	1853	-8	-92	25	-28
3.708	1854	-11	-93	23	-26
3.71	1855	-14	-94	21	-18
3.712	1856	-17	-95	19	-13
3.714	1857	-20	-97	17	-1
3.716	1858	-23	-99	15	-25
3.718	1859	-26	-101	13	-16
3.72	1860	-28	-100	11	-7
3.722	1861	-31	-102	9	-8
3.724	1862	-33	-98	6	-6
3.726	1863	-35	-97	4	-4
3.728	1864	-38	-99	2	-6
3.73	1865	-39	-92	-1	4
3.732	1866	-41	-91	-3	9
3.734	1867	-43	-90	-5	2
3.736	1868	-44	-86	-7	-1
3.738	1869	-45	-82	-9	0
3.74	1870	-47	-78	-12	36
3.742	1871	-47	-71	-14	26
3.744	1872	-48	-67	-16	18
3.746	1873	-49	-63	-18	7
3.748	1874	-49	-56	-20	24
3.75	1875	-49	-50	-22	28
3.752	1876	-49	-44	-24	39
3.754	1877	-49	-38	-26	24
3.756	1878	-48	-32	-27	25
3.758	1879	-47	-23	-29	50
3.76	1880	-47	-20	-30	52
3.762	1881	-45	-11	-31	49
3.764	1882	-44	-2	-33	44
3.766	1883	-43	3	-34	43
3.768	1884	-41	8	-34	55
3.77	1885	-39	16	-35	59
3.772	1886	-38	21	-36	47
3.774	1887	-35	28	-36	45
3.776	1888	-33	32	-36	58
3.778	1889	-31	36	-36	65
3.78	1890	-28	43	-36	57
3.782	1891	-26	47	-36	54
3.784	1892	-23	51	-35	45
3.786	1893	-20	58	-35	55
3.788	1894	-17	62	-34	56
3.79	1895	-14	69	-34	47
3.792	1896	-11	73	-33	35
3.794	1897	-8	77	-32	39
3.796	1898	-5	81	-31	41
3.798	1899	-2	82	-29	46
3.8	1900	0	83	-28	39
3.802	1901	3	87	-27	24
3.804	1902	6	88	-25	25
3.806	1903	9	89	-23	31
3.808	1904	12	93	-22	27
3.81	1905	15	94	-20	24
3.812	1906	18	95	-18	12
3.814	1907	21	97	-16	13
3.816	1908	24	99	-14	24
3.818	1909	27	98	-11	23
3.82	1910	29	97	-9	10
3.822	1911	32	99	-7	6
3.824	1912	34	98	-5	8
3.826	1913	36	94	-2	13
3.828	1914	39	96	0	10
3.83	1915	40	92	2	-4
3.832	1916	42	91	4	-8
3.834	1917	44	90	6	4
3.836	1918	45	83	9	2
3.838	1919	46	79	11	-2
3.84	1920	48	78	13	-13
3.842	1921	48	71	15	-38
3.844	1922	49	64	18	-23
3.846	1923	50	60	20	-20
3.848	1924	50	53	22	-14
3.85	1925	50	47	24	-29
3.852	1926	50	41	26	-30
3.854	1927	50	38	27	-35
3.856	1928	49	29	29	-25
3.858	1929	48	23	30	-32
3.86	1930	48	17	32	-68
3.862	1931	46	8	33	-39
3.864	1932	45	2	34	-49
3.866	1933	44	-3	35	-40
3.868	1934	42	-11	36	-49
3.87	1935	40	-19	37	-46
3.872	1936	39	-21	37	-57
3.874	1937	36	-31	38	-37
3.876	1938	34	-35	38	-51
3.878	1939	32	-39	38	-61
3.88	1940	29	-46	38	-58
3.882	1941	27	-50	38	-56
3.884	1942	24	-57	38	-49
3.886	1943	21	-61	37	-44
3.888	1944	18	-68	37	-57
3.89	1945	15	-72	36	-45
3.892	1946	12	-76	35	-34
3.894	1947	9	-80	34	-32
3.896	1948	6	-84	33	-42
3.898	1949	3	-88	32	-40
3.9	1950	0	-89	30	-47
3.902	1951	-2	-90	29	-27
3.904	1952	-5	-91	27	-27
3.906	1953	-8	-92	25	-30
3.908	1954	-11	-96	24	-30
3.91	1955	-14	-97	22	-15
3.912	1956	-17	-98	20	-19
3.914	1957	-20	-99	18	-3
3.916	1958	-23	-101	16	-19
3.918	1959	-26	-100	13	-19
3.92	1960	-28	-99	11	-13
3.922	1961	-31	-101	9	-2
3.924	1962	-33	-100	7	-8
3.926	1963	-35	-96	4	-4
3.928	1964	-38	-98	2	-5
3.93	1965	-39	-94	0	8
3.932	1966	-41	-93	-2	12
3.934	1967	-43	-92	-4	4
3.936	1968	-44	-85	-7	0
3.938	1969	-45	-81	-9	4
3.94	1970	-47	-80	-11	43
3.942	1971	-47	-73	-13	20
3.944	1972	-48	-66	-16	19
3.946	1973	-49	-62	-18	11
3.948	1974	-49	-55	-20	21
3.95	1975	-49	-49	-22	31
3.952	1976	-49	-46	-23	40
3.954	1977	-49	-40	-25	23
3.956	1978	-48	-31	-27	33
3.958	1979	-47	-25	-28	44
3.96	1980	-47	-19	-30	53
3.962	1981	-45	-10	-31	48
3.964	1982	-44	-4	-32	38
3.966	1983	-43	1	-33	38
3.968	1984	-41	9	-34	55
3.97	1985	-39	17	-35	56
3.972	1986	-38	19	-35	46
3.974	1987	-35	29	-36	49
3.976	1988	-33	33	-36	57
3.978	1989	-31	37	-36	65
3.98	1990	-28	44	-36	59
3.982	1991	-26	48	-36	53
3.984	1992	-23	55	-36	43
3.986	1993	-20	59	-35	55
3.988	1994	-17	66	-35	58
3.99	1995	-14	70	-34	48
3.992	1996	-11	74	-33	39
3.994	1997	-8	78	-32	40
3.996	1998	-5	82	-31	44
3.998	1999	-2	86	-30	50
