#SLFR RTP OL_Test
#t	n	u	v	$\theta$	a
0	0	0	0	0	3
0.002	1	0	0	0	2
0.004	2	0	0	0	2
0.006	3	0	0	0	3
0.008	4	0	0	0	3
0.01	5	0	0	0	3
0.012	6	0	0	0	3
0.014	7	0	0	0	3
0.016	8	0	0	0	3
0.018	9	0	0	0	3
0.02	10	0	0	0	3
0.022	11	0	0	0	3
0.024	12	0	0	0	2
0.026	13	1	2	0	3
0.028	14	1	1	0	3
0.03	15	1	1	0	3
0.032	16	1	1	0	3
0.034	17	1	1	0	3
0.036	18	1	1	0	3
0.038	19	1	1	0	3
0.04	20	1	1	0	3
0.042	21	1	1	0	3
0.044	22	2	4	0	3
0.046	23	2	3	0	2
0.048	24	2	3	0	3
0.05	25	2	3	0	3
0.052	26	2	3	0	3
0.054	27	2	3	0	2
0.056	28	2	3	0	2
0.058	29	3	6	0	3
0.06	30	3	3	1	3
0.062	31	3	3	1	3
0.064	32	3	3	1	3
0.066	33	3	3	1	3
0.068	34	4	6	1	3
0.07	35	4	5	1	4
0.072	36	4	5	1	3
0.074	37	4	5	1	4
0.076	38	5	8	1	4
0.078	39	5	7	1	3
0.08	40	5	7	1	3
0.082	41	5	7	1	3
0.084	42	6	10	1	3
0.086	43	6	9	1	2
0.088	44	6	9	1	3
0.09	45	6	9	1	2
0.092	46	7	12	1	2
0.094	47	7	11	1	2
0.096	48	7	11	1	2
0.098	49	8	14	1	2
0.1	50	8	13	1	2
0.102	51	8	13	1	1
0.104	52	8	13	1	5
0.106	53	9	16	1	2
0.108	54	9	13	2	5
0.11	55	9	13	2	3
0.112	56	10	16	2	5
0.114	57	10	15	2	4
0.116	58	10	15	2	5
0.118	59	11	18	2	2
0.12	60	11	15	3	5
0.122	61	12	18	3	1
0.124	62	12	17	3	2
0.126	63	12	17	3	3
0.128	64	13	17	4	2
0.13	65	13	17	4	1
0.132	66	14	20	4	2
0.134	67	14	19	4	-1
0.136	68	14	19	4	0
0.138	69	15	19	5	-1
0.14	70	15	19	5	-3
0.142	71	16	21	5	-3
0.144	72	16	18	6	-2
0.146	73	16	18	6	-4
0.148	74	17	21	6	-2
0.15	75	17	21	6	-2
0.152	76	18	21	7	-3
0.154	77	18	21	7	-1
0.156	78	19	23	7	-2
0.158	79	19	23	7	-3
0.16	80	20	23	8	-2
0.162	81	20	23	8	-2
0.164	82	21	25	8	-2
0.166	83	21	22	9	0
0.168	84	21	22	9	-1
0.17	85	22	25	9	0
0.172	86	22	22	10	0
0.174	87	23	25	10	-1
0.176	88	23	25	10	-2
0.178	89	24	27	10	-1
0.18	90	24	24	11	-4
0.182	91	25	27	11	-3
0.184	92	25	27	11	-3
0.186	93	26	27	12	-3
0.188	94	26	27	12	-4
0.19	95	27	29	12	-3
0.192	96	27	26	13	-6
0.194	97	28	29	13	-5
0.196	98	28	29	13	-5
0.198	99	29	29	14	-7
0.2	100	29	29	14	-6
0.202	101	30	29	15	-4
0.204	102	30	29	15	-7
0.206	103	31	31	15	-4
0.208	104	31	28	16	-5
0.21	105	32	31	16	-6
0.212	106	32	31	16	-3
0.214	107	33	31	17	-6
0.216	108	33	31	17	-4
0.218	109	34	31	18	-3
0.22	110	34	31	18	-7
0.222	111	35	33	18	-5
0.224	112	35	30	19	-4
0.226	113	36	33	19	-4
0.228	114	36	30	20	-4
0.23	115	37	33	20	-2
0.232	116	37	30	21	-5
0.234	117	38	33	21	-4
0.236	118	38	33	21	-3
0.238	119	39	33	22	-6
0.24	120	39	33	22	-5
0.242	121	40	33	23	-4
0.244	122	40	33	23	-6
0.246	123	41	33	24	-4
0.248	124	41	33	24	-4
0.25	125	42	35	24	-5
0.252	126	42	32	25	-4
0.254	127	42	32	25	-6
0.256	128	43	32	26	-8
0.258	129	43	32	26	-5
0.26	130	44	32	27	-7
0.262	131	44	32	27	-6
0.264	132	44	29	28	-5
0.266	133	45	32	28	-4
0.268	134	45	29	29	-6
0.27	135	46	32	29	0
0.272	136	46	29	30	-7
0.274	137	46	29	30	-2
0.276	138	47	29	31	-5
0.278	139	47	29	31	-2
0.28	140	47	26	32	-6
0.282	141	47	26	32	2
0.284	142	48	26	33	-6
0.286	143	48	26	33	2
0.288	144	48	26	33	-4
0.29	145	48	23	34	-1
0.292	146	49	26	34	-4
0.294	147	49	23	35	1
0.296	148	49	23	35	-6
0.298	149	49	20	36	-1
0.3	150	49	20	36	-4
0.302	151	50	20	37	-2
0.304	152	50	20	37	-2
0.306	153	50	20	37	-2
0.308	154	50	17	38	-4
0.31	155	50	17	38	-2
0.312	156	50	14	39	-1
0.314	157	50	14	39	-3
0.316	158	50	11	40	-1
0.318	159	50	11	40	-4
0.32	160	50	11	40	-1
0.322	161	50	8	41	1
0.324	162	50	8	41	1
0.326	163	50	8	41	1
0.328	164	50	5	42	4
0.33	165	50	5	42	0
0.332	166	49	2	42	4
0.334	167	49	2	42	3
0.336	168	49	0	43	2
0.338	169	49	0	43	5
0.34	170	48	-2	43	4
0.342	171	48	-4	44	5
0.344	172	48	-3	44	5
0.346	173	48	-2	44	5
0.348	174	47	-4	44	6
0.35	175	47	-6	45	19
0.352	176	46	-8	45	7
0.354	177	46	-7	45	2
0.356	178	46	-6	45	4
0.358	179	45	-8	45	3
0.36	180	45	-7	45	4
0.362	181	44	-9	45	9
0.364	182	44	-8	45	3
0.366	183	43	-13	46	7
0.368	184	42	-15	46	16
0.37	185	42	-14	46	9
0.372	186	41	-16	46	11
0.374	187	40	-18	46	7
0.376	188	40	-17	46	7
0.378	189	39	-19	46	9
0.38	190	38	-21	46	14
0.382	191	38	-20	46	9
0.384	192	37	-22	46	16
0.386	193	36	-24	46	19
0.388	194	35	-26	46	18
0.39	195	34	-28	46	20
0.392	196	33	-30	46	17
0.394	197	32	-32	46	15
0.396	198	31	-34	46	20
0.398	199	30	-36	46	17
0.4	200	29	-38	46	17
0.402	201	28	-40	46	20
0.404	202	27	-42	46	20
0.406	203	26	-44	46	22
0.408	204	25	-46	46	24
0.41	205	24	-45	45	17
0.412	206	23	-47	45	16
0.414	207	22	-49	45	18
0.416	208	20	-54	45	16
0.418	209	19	-56	45	16
0.42	210	18	-55	44	16
0.422	211	17	-57	44	16
0.424	212	16	-59	44	21
0.426	213	14	-61	43	23
0.428	214	13	-63	43	21
0.43	215	12	-65	43	17
0.432	216	10	-67	42	19
0.434	217	9	-69	42	18
0.436	218	8	-68	41	22
0.438	219	6	-73	41	21
0.44	220	5	-72	40	20
0.442	221	4	-74	40	27
0.444	222	2	-76	39	30
0.446	223	1	-78	39	29
0.448	224	0	-77	38	28
0.45	225	-1	-76	37	27
0.452	226	-2	-78	37	28
0.454	227	-4	-80	36	28
0.456	228	-5	-79	35	30
0.458	229	-7	-81	34	24
0.46	230	-8	-83	34	31
0.462	231	-10	-85	33	31
0.464	232	-11	-84	32	30
0.466	233	-12	-83	31	32
0.468	234	-14	-86	30	27
0.47	235	-15	-85	29	27
0.472	236	-17	-88	28	28
0.474	237	-18	-90	28	29
0.476	238	-19	-89	27	23
0.478	239	-21	-92	26	25
0.48	240	-22	-91	25	26
0.482	241	-23	-91	24	29
0.484	242	-25	-94	23	33
0.486	243	-26	-93	22	30
0.488	244	-27	-93	21	27
0.49	245	-29	-96	20	29
0.492	246	-30	-95	19	30
0.494	247	-31	-95	18	28
0.496	248	-32	-92	16	29
0.498	249	-33	-92	15	32
0.5	250	-34	-92	14	28
0.502	251	-36	-95	13	38
0.504	252	-37	-95	12	32
0.506	253	-38	-95	11	32
0.508	254	-39	-95	10	30
0.51	255	-40	-95	9	33
0.512	256	-40	-89	7	30
0.514	257	-41	-89	6	33
0.516	258	-42	-89	5	30
0.518	259	-43	-89	4	30
0.52	260	-44	-89	3	34
0.522	261	-44	-83	1	32
0.524	262	-45	-83	0	29
0.526	263	-46	-83	-1	29
0.528	264	-46	-80	-2	27
0.53	265	-47	-80	-3	29
0.532	266	-47	-77	-4	27
0.534	267	-48	-74	-6	25
0.536	268	-48	-71	-7	21
0.538	269	-48	-68	-8	28
0.54	270	-49	-68	-9	28
0.542	271	-49	-65	-10	24
0.544	272	-49	-62	-11	25
0.546	273	-49	-59	-12	22
0.548	274	-49	-56	-13	25
0.55	275	-49	-53	-14	24
0.552	276	-49	-50	-15	21
0.554	277	-49	-47	-16	23
0.556	278	-48	-41	-17	19
0.558	279	-48	-38	-18	22
0.56	280	-48	-35	-19	22
0.562	281	-47	-32	-19	21
0.564	282	-47	-29	-20	19
0.566	283	-46	-23	-21	16
0.568	284	-46	-21	-22	18
0.57	285	-45	-19	-22	13
0.572	286	-44	-14	-23	15
0.574	287	-44	-12	-24	8
0.576	288	-43	-10	-24	10
0.578	289	-42	-5	-25	11
0.58	290	-41	-3	-25	10
0.582	291	-40	-1	-25	5
0.584	292	-39	3	-26	3
0.586	293	-38	4	-26	2
0.588	294	-37	8	-27	-1
0.59	295	-35	12	-27	-3
0.592	296	-34	13	-27	-6
0.594	297	-33	17	-28	-7
0.596	298	-31	21	-28	0
0.598	299	-30	22	-28	-3
0.6	300	-28	29	-29	-5
0.602	301	-27	30	-29	-30
0.604	302	-25	34	-29	-12
0.606	303	-23	38	-29	-15
0.608	304	-22	39	-29	-8
0.61	305	-20	43	-29	-16
0.612	306	-18	47	-29	-10
0.614	307	-17	48	-29	-21
0.616	308	-15	52	-29	-8
0.618	309	-13	56	-29	-18
0.62	310	-11	60	-29	-25
0.622	311	-9	64	-29	-27
0.624	312	-7	68	-29	-30
0.626	313	-5	72	-29	-27
0.628	314	-3	76	-29	-25
0.63	315	-1	77	-28	-32
0.632	316	0	79	-28	-33
0.634	317	2	84	-28	-29
0.636	318	4	88	-28	-38
0.638	319	6	89	-27	-42
0.64	320	8	93	-27	-46
0.642	321	10	97	-27	-50
0.644	322	12	101	-27	-46
0.646	323	14	103	-26	-46
0.648	324	16	107	-26	-54
0.65	325	17	106	-25	-50
0.652	326	19	111	-25	-48
0.654	327	21	112	-24	-48
0.656	328	23	117	-24	-47
0.658	329	25	118	-23	-54
0.66	330	27	123	-23	-56
0.662	331	28	122	-22	-53
0.664	332	30	126	-22	-52
0.666	333	32	128	-21	-52
0.668	334	33	127	-20	-52
0.67	335	35	132	-20	-51
0.672	336	36	131	-19	-54
0.674	337	38	133	-18	-49
0.676	338	39	135	-18	-53
0.678	339	40	134	-17	-54
0.68	340	42	136	-16	-58
0.682	341	43	135	-15	-60
0.684	342	44	134	-14	-60
0.686	343	45	136	-14	-58
0.688	344	46	135	-13	-61
0.69	345	47	134	-12	-64
0.692	346	47	130	-11	-61
0.694	347	48	129	-10	-63
0.696	348	49	128	-9	-65
0.698	349	49	127	-9	-69
0.7	350	49	123	-8	-67
0.702	351	50	122	-7	-67
0.704	352	50	118	-6	-67
0.706	353	50	114	-5	-70
0.708	354	50	110	-4	-70
0.71	355	50	109	-4	-67
0.712	356	50	105	-3	-67
0.714	357	49	98	-2	-62
0.716	358	49	98	-2	-64
0.718	359	48	92	-1	-64
0.72	360	48	89	0	-65
0.722	361	47	86	0	-60
0.724	362	46	80	1	-62
0.726	363	45	77	1	-53
0.728	364	44	71	2	-58
0.73	365	43	68	2	-53
0.732	366	42	65	2	-50
0.734	367	41	59	3	-46
0.736	368	40	56	3	-47
0.738	369	38	50	3	-42
0.74	370	37	47	3	-43
0.742	371	35	41	3	-38
0.744	372	33	35	3	-38
0.746	373	31	29	3	-37
0.748	374	30	27	3	-31
0.75	375	28	22	3	-31
0.752	376	26	17	3	-29
0.754	377	24	12	3	-28
0.756	378	21	7	2	-28
0.758	379	19	2	2	-24
0.76	380	17	-2	2	-22
0.762	381	15	-6	2	-19
0.764	382	12	-13	2	-19
0.766	383	10	-14	1	-16
0.768	384	8	-18	1	-15
0.77	385	5	-25	1	-12
0.772	386	3	-26	0	-9
0.774	387	0	-33	0	-7
0.776	388	-1	-31	-1	-6
0.778	389	-3	-35	-1	-3
0.78	390	-6	-39	-2	1
0.782	391	-8	-43	-2	2
0.784	392	-11	-50	-2	5
0.786	393	-13	-51	-3	7
0.788	394	-15	-55	-3	8
0.79	395	-18	-59	-4	12
0.792	396	-20	-63	-4	12
0.794	397	-22	-64	-5	42
0.796	398	-24	-68	-5	25
0.798	399	-27	-72	-6	26
0.8	400	-29	-73	-7	24
0.802	401	-31	-77	-7	19
0.804	402	-32	-75	-8	24
0.806	403	-34	-76	-9	29
0.808	404	-36	-80	-9	31
0.81	405	-38	-81	-10	31
0.812	406	-39	-79	-11	47
0.814	407	-41	-84	-11	44
0.816	408	-42	-83	-12	44
0.818	409	-43	-82	-13	47
0.82	410	-44	-84	-13	44
0.822	411	-45	-83	-14	49
0.824	412	-46	-85	-14	47
0.826	413	-47	-87	-14	49
0.828	414	-48	-89	-14	54
0.83	415	-48	-85	-15	64
0.832	416	-49	-87	-15	63
0.834	417	-49	-86	-15	75
0.836	418	-49	-85	-15	83
0.838	419	-49	-84	-15	80
0.84	420	-49	-80	-16	84
0.842	421	-48	-76	-16	82
0.844	422	-48	-75	-16	74
0.846	423	-47	-71	-16	68
0.848	424	-47	-70	-16	70
0.85	425	-46	-66	-16	69
0.852	426	-45	-62	-16	75
0.854	427	-44	-58	-16	81
0.856	428	-42	-51	-16	82
0.858	429	-41	-50	-15	83
0.86	430	-39	-44	-15	86
0.862	431	-38	-41	-15	85
0.864	432	-36	-35	-15	79
0.866	433	-34	-32	-14	78
0.868	434	-32	-26	-14	73
0.87	435	-30	-20	-14	71
0.872	436	-28	-17	-13	73
0.874	437	-26	-11	-13	74
0.876	438	-23	-5	-12	77
0.878	439	-21	0	-12	82
0.88	440	-18	5	-11	84
0.882	441	-16	7	-10	81
0.884	442	-13	12	-9	82
0.886	443	-10	17	-8	80
0.888	444	-8	19	-7	72
0.89	445	-5	24	-6	73
0.892	446	-2	29	-5	68
0.894	447	0	28	-3	70
0.896	448	3	33	-2	73
0.898	449	5	32	0	75
0.9	450	8	37	1	74
0.902	451	11	39	3	68
0.904	452	14	44	4	69
0.906	453	16	43	6	61
0.908	454	19	45	8	54
0.91	455	22	47	10	42
0.912	456	24	46	12	40
0.914	457	27	51	13	32
0.916	458	29	50	15	37
0.918	459	31	49	17	28
0.92	460	34	51	19	28
0.922	461	36	47	22	20
0.924	462	38	46	24	19
0.926	463	39	42	26	8
0.928	464	41	41	28	1
0.93	465	43	40	30	-3
0.932	466	44	36	32	-4
0.934	467	46	35	34	-5
0.936	468	47	31	36	-6
0.938	469	48	27	38	0
0.94	470	48	20	40	0
0.942	471	49	19	41	4
0.944	472	50	15	43	-6
0.946	473	50	8	45	-9
0.948	474	50	5	46	-12
0.95	475	50	2	47	-10
0.952	476	50	0	48	-12
0.954	477	49	-8	50	-2
0.956	478	49	-10	51	-28
0.958	479	48	-15	52	-31
0.96	480	47	-17	52	-10
0.962	481	46	-22	53	-16
0.964	482	45	-24	53	-21
0.966	483	43	-32	54	-24
0.968	484	42	-34	54	-42
0.97	485	40	-39	54	-34
0.972	486	38	-44	54	-31
0.974	487	36	-46	53	-49
0.976	488	34	-51	53	-47
0.978	489	31	-59	53	-49
0.98	490	29	-61	52	-45
0.982	491	26	-69	52	-43
0.984	492	24	-71	51	-46
0.986	493	21	-76	50	-56
0.988	494	18	-81	49	-47
0.99	495	15	-86	48	-47
0.992	496	12	-88	46	-50
0.994	497	9	-93	45	-45
0.996	498	6	-98	44	-48
0.998	499	3	-100	42	-36
1	500	0	-102	40	-28
1.002	501	-3	-104	38	-40
1.004	502	-6	-106	36	-40
1.006	503	-9	-108	34	-25
1.008	504	-12	-110	32	-29
1.01	505	-15	-109	29	-28
1.012	506	-18	-111	27	-21
1.014	507	-21	-110	24	-23
1.016	508	-24	-112	22	-14
1.018	509	-26	-108	19	-7
1.02	510	-29	-110	17	-10
1.022	511	-31	-106	14	-17
1.024	512	-34	-105	11	-7
1.026	513	-36	-101	8	-17
1.028	514	-38	-97	5	-10
1.03	515	-40	-93	2	-11
1.032	516	-42	-89	-1	-15
1.034	517	-43	-85	-3	-4
1.036	518	-45	-81	-6	-4
1.038	519	-46	-74	-9	-4
1.04	520	-47	-67	-12	5
1.042	521	-48	-61	-15	-5
1.044	522	-48	-55	-17	8
1.046	523	-49	-52	-19	10
1.048	524	-49	-43	-22	1
1.05	525	-49	-37	-24	10
1.052	526	-49	-31	-26	18
1.054	527	-48	-22	-28	21
1.056	528	-47	-13	-30	43
1.058	529	-47	-7	-32	33
1.06	530	-45	4	-34	30
1.062	531	-44	11	-36	31
1.064	532	-43	15	-37	29
1.066	533	-41	25	-39	29
1.068	534	-39	32	-40	35
1.07	535	-37	39	-41	27
1.072	536	-34	49	-42	37
1.074	537	-32	56	-43	48
1.076	538	-29	63	-43	44
1.078	539	-27	70	-44	34
1.08	540	-24	77	-44	35
1.082	541	-21	84	-44	28
1.084	542	-18	91	-44	23
1.086	543	-14	101	-44	17
1.088	544	-11	108	-44	13
1.09	545	-8	112	-43	15
1.092	546	-4	119	-42	22
1.094	547	-1	123	-41	17
1.096	548	1	124	-40	18
1.098	549	5	131	-39	15
1.1	550	8	135	-38	9
1.102	551	12	139	-36	7
1.104	552	15	143	-35	5
1.106	553	18	144	-33	-3
1.108	554	21	145	-31	4
1.11	555	25	149	-29	-1
1.112	556	28	150	-27	-2
1.114	557	30	148	-25	-8
1.116	558	33	149	-23	1
1.118	559	36	147	-20	-4
1.12	560	38	145	-18	0
1.122	561	40	140	-15	-8
1.124	562	42	138	-13	-17
1.126	563	44	133	-10	-17
1.128	564	46	131	-8	-15
1.13	565	47	124	-5	-28
1.132	566	48	120	-3	-17
1.134	567	49	113	0	-27
1.136	568	50	109	2	-31
1.138	569	50	99	5	-37
1.14	570	50	92	7	-36
1.142	571	50	85	9	-50
1.144	572	49	75	11	-52
1.146	573	49	66	14	-50
1.148	574	48	60	15	-63
1.15	575	47	51	17	-62
1.152	576	45	39	19	-66
1.154	577	44	33	20	-64
1.156	578	42	21	22	-58
1.158	579	40	12	23	-66
1.16	580	37	0	24	-71
1.162	581	35	-7	25	-75
1.164	582	32	-17	26	-76
1.166	583	29	-24	26	-72
1.168	584	26	-31	26	-76
1.17	585	23	-38	26	-74
1.172	586	20	-45	26	-73
1.174	587	16	-55	26	-65
1.176	588	13	-59	25	-62
1.178	589	9	-69	25	-64
1.18	590	5	-76	24	-63
1.182	591	2	-80	23	-63
1.184	592	-1	-84	22	-54
1.186	593	-5	-91	21	-51
1.188	594	-8	-92	19	-54
1.19	595	-12	-99	18	-45
1.192	596	-16	-103	16	-42
1.194	597	-19	-104	14	-32
1.196	598	-22	-105	12	-32
1.198	599	-26	-109	10	-26
1.2	600	-29	-110	8	-30
1.202	601	-32	-111	6	-15
1.204	602	-35	-112	4	-15
1.206	603	-37	-107	1	-21
1.208	604	-39	-105	-1	-8
1.21	605	-42	-103	-4	-10
1.212	606	-43	-95	-7	-3
1.214	607	-45	-94	-9	-1
1.216	608	-46	-87	-12	7
1.218	609	-47	-83	-14	1
1.22	610	-48	-76	-17	4
1.222	611	-49	-72	-19	13
1.224	612	-49	-65	-21	7
1.226	613	-49	-55	-24	17
1.228	614	-49	-48	-26	8
1.23	615	-48	-38	-28	42
1.232	616	-47	-26	-31	45
1.234	617	-46	-17	-33	31
1.236	618	-44	-8	-34	34
1.238	619	-42	3	-36	27
1.24	620	-40	14	-38	35
1.242	621	-38	22	-39	42
1.244	622	-35	33	-40	47
1.246	623	-32	44	-41	36
1.248	624	-29	54	-42	64
1.25	625	-26	61	-42	63
1.252	626	-23	71	-43	69
1.254	627	-19	81	-43	66
1.256	628	-16	88	-43	65
1.258	629	-12	98	-43	61
1.26	630	-8	105	-42	74
1.262	631	-4	112	-41	65
1.264	632	0	119	-40	68
1.266	633	3	123	-39	69
1.268	634	7	130	-38	80
1.27	635	11	134	-36	72
1.272	636	15	138	-34	78
1.274	637	18	139	-32	56
1.276	638	22	143	-30	62
1.278	639	26	147	-28	57
1.28	640	29	145	-25	49
1.282	641	32	146	-23	41
1.284	642	35	144	-20	41
1.286	643	38	142	-17	38
1.288	644	40	137	-14	45
1.29	645	43	135	-11	40
1.292	646	45	127	-7	20
1.294	647	46	120	-4	16
1.296	648	48	116	-1	16
1.298	649	49	106	3	12
1.3	650	49	96	6	-1
1.302	651	50	86	10	-5
1.304	652	50	76	13	-6
1.306	653	50	66	16	6
1.308	654	49	51	20	6
1.31	655	48	39	23	3
1.312	656	47	27	26	-12
1.314	657	45	12	29	-9
1.316	658	44	0	32	-14
1.318	659	41	-13	34	-13
1.32	660	39	-23	36	-21
1.322	661	36	-36	38	-24
1.324	662	33	-49	40	-13
1.326	663	30	-62	42	-20
1.328	664	26	-78	44	-39
1.33	665	23	-88	45	-21
1.332	666	19	-101	46	-29
1.334	667	15	-114	47	-28
1.336	668	11	-123	47	-25
1.338	669	7	-132	47	-42
1.34	670	3	-141	47	-46
1.342	671	0	-147	47	-31
1.344	672	-5	-159	47	-44
1.346	673	-9	-165	46	-39
1.348	674	-13	-171	45	-39
1.35	675	-17	-177	44	-41
1.352	676	-21	-180	42	-33
1.354	677	-25	-183	40	-23
1.356	678	-28	-186	39	-40
1.358	679	-32	-186	36	-29
1.36	680	-35	-186	34	-25
1.362	681	-38	-186	32	-14
1.364	682	-40	-181	29	-6
1.366	683	-42	-176	26	-19
1.368	684	-44	-171	23	19
1.37	685	-46	-166	20	16
1.372	686	-47	-158	17	21
1.374	687	-48	-150	14	14
1.376	688	-49	-142	11	18
1.378	689	-49	-132	8	20
1.38	690	-49	-119	4	46
1.382	691	-48	-106	1	40
1.384	692	-47	-93	-2	28
1.386	693	-46	-80	-5	52
1.388	694	-44	-65	-8	47
1.39	695	-42	-50	-11	60
1.392	696	-40	-35	-14	54
1.394	697	-37	-20	-16	42
1.396	698	-34	-2	-19	52
1.398	699	-31	11	-21	60
1.4	700	-28	24	-23	56
1.402	701	-24	37	-24	57
1.404	702	-20	53	-26	58
1.406	703	-16	66	-27	56
1.408	704	-12	79	-28	71
1.41	705	-8	89	-28	73
1.412	706	-3	104	-29	60
1.414	707	0	110	-29	69
1.416	708	5	122	-29	71
1.418	709	9	131	-29	69
1.42	710	14	140	-28	71
1.422	711	18	146	-27	67
1.424	712	22	152	-26	71
1.426	713	26	155	-24	74
1.428	714	30	158	-22	79
1.43	715	33	158	-20	64
1.432	716	36	158	-18	65
1.434	717	39	158	-16	57
1.436	718	42	156	-13	42
1.438	719	44	151	-10	45
1.44	720	46	149	-8	32
1.442	721	48	144	-5	23
1.444	722	49	136	-2	23
1.446	723	50	125	2	17
1.448	724	50	114	5	7
1.45	725	50	104	8	-3
1.452	726	49	91	11	-13
1.454	727	49	78	15	-21
1.456	728	47	62	18	-24
1.458	729	46	49	21	-33
1.46	730	44	34	24	-42
1.462	731	41	19	26	-36
1.464	732	38	1	29	-36
1.466	733	35	-13	31	-32
1.468	734	32	-30	34	-34
1.47	735	28	-46	36	-50
1.472	736	24	-62	38	-57
1.474	737	20	-78	40	-32
1.476	738	16	-91	41	-36
1.478	739	11	-107	42	-38
1.48	740	7	-120	43	-38
1.482	741	2	-132	43	-40
1.484	742	-2	-141	43	-36
1.486	743	-6	-150	43	-30
1.488	744	-11	-159	42	-53
1.49	745	-15	-165	41	-51
1.492	746	-20	-174	40	-53
1.494	747	-24	-180	39	-52
1.496	748	-28	-183	37	-55
1.498	749	-32	-186	35	-53
1.5	750	-35	-186	33	-62
1.502	751	-38	-183	30	-51
1.504	752	-41	-184	28	-46
1.506	753	-43	-179	25	-60
1.508	754	-45	-174	22	-52
1.51	755	-47	-169	19	-57
1.512	756	-48	-158	15	-53
1.514	757	-49	-150	12	-38
1.516	758	-49	-136	8	-36
1.518	759	-49	-126	5	-33
1.52	760	-48	-110	1	-12
1.522	761	-47	-97	-2	-1
1.524	762	-46	-81	-6	10
1.526	763	-44	-65	-9	14
1.528	764	-41	-44	-13	13
1.53	765	-38	-26	-16	28
1.532	766	-35	-8	-19	43
1.534	767	-32	8	-22	45
1.536	768	-28	27	-25	54
1.538	769	-24	46	-28	53
1.54	770	-20	62	-30	63
1.542	771	-15	81	-32	68
1.544	772	-11	97	-34	60
1.546	773	-6	112	-35	53
1.548	774	-1	130	-37	55
1.55	775	3	139	-37	51
1.552	776	8	154	-38	51
1.554	777	13	166	-38	54
1.556	778	17	178	-39	51
1.558	779	22	190	-39	37
1.56	780	26	196	-38	36
1.562	781	30	200	-37	26
1.564	782	34	200	-36	19
1.566	783	37	200	-34	18
1.568	784	40	200	-32	15
1.57	785	43	200	-30	11
1.572	786	45	197	-28	21
1.574	787	47	191	-25	14
1.576	788	49	186	-22	13
1.578	789	50	181	-20	16
1.58	790	50	170	-17	11
1.582	791	50	159	-14	5
1.584	792	49	145	-11	5
1.586	793	48	129	-7	5
1.588	794	47	116	-4	-24
1.59	795	45	100	-1	-7
1.592	796	42	78	3	-4
1.594	797	39	60	6	0
1.596	798	36	42	9	-3
1.598	799	33	24	12	-16
1.6	800	29	3	15	-28
1.602	801	24	-16	17	-23
1.604	802	20	-32	19	-40
1.606	803	15	-51	21	-60
1.608	804	10	-70	23	-53
1.61	805	5	-89	25	-72
1.612	806	0	-104	26	-55
1.614	807	-4	-116	27	-61
1.616	808	-9	-128	27	-69
1.618	809	-14	-140	27	-75
1.62	810	-19	-152	27	-76
1.622	811	-23	-161	27	-89
1.624	812	-28	-170	26	-86
1.626	813	-32	-176	25	-99
1.628	814	-35	-179	24	-91
1.63	815	-39	-182	22	-82
1.632	816	-42	-182	20	-68
1.634	817	-44	-179	18	-67
1.636	818	-46	-176	16	-53
1.638	819	-48	-170	13	-51
1.64	820	-48	-162	11	-39
1.642	821	-49	-154	8	-32
1.644	822	-49	-143	5	-31
1.646	823	-48	-129	2	-22
1.648	824	-47	-112	-2	-3
1.65	825	-46	-99	-5	14
1.652	826	-43	-80	-8	29
1.654	827	-41	-61	-12	25
1.656	828	-38	-42	-15	45
1.658	829	-34	-21	-18	53
1.66	830	-30	0	-21	44
1.662	831	-26	20	-24	46
1.664	832	-22	39	-27	42
1.666	833	-17	58	-29	37
1.668	834	-12	77	-31	52
1.67	835	-7	96	-33	43
1.672	836	-1	115	-34	42
1.674	837	3	127	-35	48
1.676	838	8	142	-36	40
1.678	839	13	154	-36	35
1.68	840	18	169	-37	56
1.682	841	23	181	-37	35
1.684	842	28	193	-37	22
1.686	843	32	199	-36	20
1.688	844	36	200	-35	25
1.69	845	39	200	-34	31
1.692	846	42	200	-32	42
1.694	847	45	200	-30	32
1.696	848	47	197	-28	37
1.698	849	49	192	-25	53
1.7	850	50	187	-23	38
1.702	851	50	176	-20	37
1.704	852	50	165	-17	34
1.706	853	49	151	-14	31
1.708	854	48	137	-11	31
1.71	855	46	118	-7	37
1.712	856	44	102	-4	22
1.714	857	41	83	-1	21
1.716	858	37	62	2	17
1.718	859	34	44	5	18
1.72	860	29	20	8	-14
1.722	861	25	0	11	-27
1.724	862	20	-22	14	-28
1.726	863	15	-44	17	-22
1.728	864	10	-63	19	-34
1.73	865	4	-85	21	-34
1.732	866	0	-100	23	-57
1.734	867	-5	-118	25	-49
1.736	868	-11	-136	26	-45
1.738	869	-16	-151	27	-60
1.74	870	-21	-166	28	-76
1.742	871	-26	-178	28	-70
1.744	872	-30	-187	28	-74
1.746	873	-34	-196	28	-57
1.748	874	-38	-200	27	-58
1.75	875	-41	-200	26	-59
1.752	876	-44	-200	25	-48
1.754	877	-46	-197	23	-34
1.756	878	-48	-194	21	-35
1.758	879	-49	-188	19	-31
1.76	880	-49	-179	17	-33
1.762	881	-49	-168	14	-18
1.764	882	-48	-157	12	0
1.766	883	-46	-140	9	7
1.768	884	-44	-123	6	17
1.77	885	-42	-107	3	25
1.772	886	-39	-88	0	29
1.774	887	-35	-66	-3	41
1.776	888	-31	-45	-6	41
1.778	889	-27	-24	-9	31
1.78	890	-22	-3	-11	49
1.782	891	-17	20	-14	53
1.784	892	-11	42	-16	47
1.786	893	-6	61	-18	48
1.788	894	0	80	-19	39
1.79	895	4	96	-21	43
1.792	896	10	115	-22	50
1.794	897	15	130	-23	52
1.796	898	21	148	-24	35
1.798	899	26	160	-24	46
1.8	900	30	169	-24	41
1.802	901	35	181	-24	48
1.804	902	39	187	-23	52
1.806	903	42	190	-22	45
1.808	904	45	190	-20	44
1.81	905	47	190	-19	59
1.812	906	49	187	-17	56
1.814	907	50	181	-15	52
1.816	908	50	169	-12	54
1.818	909	50	158	-9	50
1.82	910	49	147	-7	52
1.822	911	47	130	-4	54
1.824	912	45	113	-1	42
1.826	913	42	94	2	37
1.828	914	39	75	5	30
1.83	915	35	53	8	25
1.832	916	31	29	12	16
1.834	917	26	8	14	-2
1.836	918	21	-15	17	-13
1.838	919	16	-37	20	-13
1.84	920	10	-59	22	-21
1.842	921	4	-84	25	-40
1.844	922	-1	-103	27	-40
1.846	923	-6	-118	28	-50
1.848	924	-12	-139	30	-49
1.85	925	-18	-157	31	-52
1.852	926	-23	-172	32	-63
1.854	927	-28	-184	32	-65
1.856	928	-32	-193	32	-59
1.858	929	-36	-200	32	-55
1.86	930	-40	-200	31	-55
1.862	931	-43	-200	30	-53
1.864	932	-46	-200	29	-50
1.866	933	-47	-197	28	-42
1.868	934	-49	-195	26	-28
1.87	935	-49	-187	24	-27
1.872	936	-49	-179	22	-20
1.874	937	-48	-165	19	-11
1.876	938	-46	-151	17	1
1.878	939	-44	-134	14	13
1.88	940	-41	-115	11	16
1.882	941	-38	-96	8	17
1.884	942	-34	-74	5	29
1.886	943	-29	-50	2	35
1.888	944	-24	-26	-1	37
1.89	945	-19	-5	-3	38
1.892	946	-13	20	-6	37
1.894	947	-8	39	-8	41
1.896	948	-2	64	-11	46
1.898	949	3	83	-13	42
1.9	950	9	101	-14	39
1.902	951	15	122	-16	42
1.904	952	21	140	-17	39
1.906	953	26	155	-18	48
1.908	954	31	167	-18	38
1.91	955	35	176	-18	38
1.912	956	39	182	-17	39
1.914	957	43	191	-17	43
1.916	958	46	194	-16	41
1.918	959	48	191	-14	43
1.92	960	49	188	-13	41
1.922	961	50	182	-11	43
1.924	962	50	173	-9	46
1.926	963	49	161	-7	41
1.928	964	48	147	-4	34
1.93	965	46	133	-2	29
1.932	966	43	113	1	31
1.934	967	39	90	4	26
1.936	968	35	71	6	17
1.938	969	31	49	9	14
1.94	970	26	24	12	-1
1.942	971	20	0	14	-2
1.944	972	15	-23	17	-18
1.946	973	9	-46	19	-34
1.948	974	3	-68	21	-31
1.95	975	-2	-87	23	-35
1.952	976	-9	-112	25	-38
1.954	977	-14	-128	26	-45
1.956	978	-20	-146	27	-48
1.958	979	-26	-164	28	-57
1.96	980	-31	-176	28	-57
1.962	981	-35	-185	28	-66
1.964	982	-39	-194	28	-65
1.966	983	-42	-197	27	-67
1.968	984	-45	-200	26	-62
1.97	985	-47	-200	25	-58
1.972	986	-48	-194	23	-52
1.974	987	-49	-188	21	-50
1.976	988	-49	-180	19	-40
1.978	989	-48	-169	17	-35
1.98	990	-46	-155	15	-28
1.982	991	-43	-135	12	-21
1.984	992	-40	-116	9	-20
1.986	993	-36	-94	6	-4
1.988	994	-32	-72	3	7
1.99	995	-27	-48	0	14
1.992	996	-22	-27	-2	28
1.994	997	-16	0	-5	35
1.996	998	-10	25	-8	35
1.998	999	-4	47	-10	46
2	1000	2	72	-13	43
2.002	1001	8	94	-15	38
2.004	1002	14	115	-17	49
2.006	1003	20	133	-18	46
2.008	1004	26	151	-19	49
2.01	1005	31	166	-20	50
2.012	1006	35	178	-21	51
2.014	1007	40	190	-21	44
2.016	1008	43	196	-21	49
2.018	1009	46	200	-21	39
2.02	1010	48	200	-20	33
2.022	1011	49	197	-19	31
2.024	1012	50	191	-17	28
2.026	1013	50	182	-15	28
2.028	1014	49	170	-13	24
2.03	1015	47	156	-11	21
2.032	1016	44	139	-9	17
2.034	1017	41	119	-6	18
2.036	1018	37	100	-4	8
2.038	1019	32	75	-1	4
2.04	1020	27	50	2	-5
2.042	1021	21	26	4	-11
2.044	1022	15	0	7	-14
2.046	1023	9	-23	9	-11
2.048	1024	3	-48	12	-20
2.05	1025	-3	-70	14	-25
2.052	1026	-9	-89	15	-30
2.054	1027	-15	-111	17	-34
2.056	1028	-21	-129	18	-30
2.058	1029	-27	-147	19	-50
2.06	1030	-32	-162	20	-48
2.062	1031	-36	-171	20	-52
2.064	1032	-40	-180	20	-53
2.066	1033	-44	-189	20	-53
2.068	1034	-46	-189	19	-54
2.07	1035	-48	-189	18	-54
2.072	1036	-49	-186	17	-52
2.074	1037	-49	-177	15	-48
2.076	1038	-48	-166	13	-49
2.078	1039	-46	-152	11	-47
2.08	1040	-44	-138	9	-43
2.082	1041	-41	-121	7	-35
2.084	1042	-37	-99	4	-26
2.086	1043	-32	-77	2	-21
2.088	1044	-27	-52	-1	-5
2.09	1045	-21	-25	-4	1
2.092	1046	-15	-1	-6	14
2.094	1047	-9	25	-9	23
2.096	1048	-3	47	-11	26
2.098	1049	3	69	-13	35
2.1	1050	10	94	-15	41
2.102	1051	16	116	-17	52
2.104	1052	22	134	-18	55
2.106	1053	28	152	-19	60
2.108	1054	33	167	-20	61
2.11	1055	38	179	-20	65
2.112	1056	42	188	-20	63
2.114	1057	45	194	-20	57
2.116	1058	47	194	-19	51
2.118	1059	49	194	-18	46
2.12	1060	50	191	-17	47
2.122	1061	50	185	-16	39
2.124	1062	49	173	-14	30
2.126	1063	47	159	-12	25
2.128	1064	44	142	-10	18
2.13	1065	41	125	-8	17
2.132	1066	37	102	-5	3
2.134	1067	32	80	-3	-8
2.136	1068	26	52	0	-16
2.138	1069	20	25	3	-19
2.14	1070	14	1	5	-24
2.142	1071	7	-25	7	-28
2.144	1072	1	-50	10	-32
2.146	1073	-5	-72	12	-32
2.148	1074	-12	-97	14	-33
2.15	1075	-18	-116	15	-36
2.152	1076	-24	-134	16	-38
2.154	1077	-30	-152	17	-42
2.156	1078	-35	-167	18	-42
2.158	1079	-39	-176	18	-42
2.16	1080	-43	-182	17	-40
2.162	1081	-46	-188	17	-44
2.164	1082	-48	-188	16	-40
2.166	1083	-49	-185	15	-42
2.168	1084	-49	-179	14	-32
2.17	1085	-48	-170	13	-33
2.172	1086	-47	-159	11	-30
2.174	1087	-44	-142	9	-23
2.176	1088	-41	-125	7	-19
2.178	1089	-36	-102	5	-14
2.18	1090	-32	-80	2	-11
2.182	1091	-26	-55	0	-10
2.184	1092	-20	-30	-2	-1
2.186	1093	-14	-3	-5	18
2.188	1094	-7	23	-7	11
2.19	1095	0	48	-9	21
2.192	1096	6	70	-11	22
2.194	1097	12	92	-13	32
2.196	1098	19	114	-14	37
2.198	1099	25	135	-16	42
2.2	1100	31	153	-17	43
2.202	1101	36	165	-17	53
2.204	1102	40	177	-18	53
2.206	1103	44	186	-18	58
2.208	1104	47	189	-17	55
2.21	1105	49	189	-16	52
2.212	1106	50	186	-15	48
2.214	1107	50	180	-14	47
2.216	1108	49	171	-13	53
2.218	1109	47	157	-11	47
2.22	1110	44	140	-9	46
2.222	1111	41	123	-7	41
2.224	1112	36	98	-4	28
2.226	1113	31	76	-2	23
2.228	1114	25	48	1	13
2.23	1115	19	24	3	-5
2.232	1116	12	-5	6	-13
2.234	1117	5	-31	8	-9
2.236	1118	-1	-53	10	-27
2.238	1119	-8	-78	12	-24
2.24	1120	-15	-103	14	-35
2.242	1121	-21	-125	16	-30
2.244	1122	-27	-143	17	-44
2.246	1123	-33	-161	18	-51
2.248	1124	-38	-173	18	-63
2.25	1125	-42	-185	19	-64
2.252	1126	-45	-191	19	-57
2.254	1127	-47	-194	19	-56
2.256	1128	-49	-194	18	-53
2.258	1129	-49	-188	17	-47
2.26	1130	-48	-179	16	-39
2.262	1131	-47	-167	14	-31
2.264	1132	-44	-150	12	-26
2.266	1133	-41	-133	10	-25
2.268	1134	-36	-110	8	-21
2.27	1135	-31	-88	6	-5
2.272	1136	-25	-63	4	2
2.274	1137	-19	-38	2	19
2.276	1138	-12	-8	-1	21
2.278	1139	-5	18	-3	33
2.28	1140	1	40	-5	47
2.282	1141	8	65	-7	54
2.284	1142	15	90	-9	46
2.286	1143	22	112	-10	49
2.288	1144	28	133	-12	48
2.29	1145	33	148	-13	58
2.292	1146	38	163	-14	55
2.294	1147	43	175	-14	60
2.296	1148	46	178	-13	37
2.298	1149	48	181	-13	63
2.3	1150	50	181	-12	48
2.302	1151	50	175	-11	51
2.304	1152	49	166	-10	40
2.306	1153	47	152	-8	35
2.308	1154	45	138	-6	39
2.31	1155	41	121	-5	30
2.312	1156	36	95	-2	9
2.314	1157	31	73	0	16
2.316	1158	25	48	2	14
2.318	1159	19	24	4	2
2.32	1160	12	-2	6	3
2.322	1161	4	-34	9	-17
2.324	1162	-2	-56	11	-24
2.326	1163	-9	-78	12	-20
2.328	1164	-16	-103	14	-25
2.33	1165	-23	-125	15	-40
2.332	1166	-29	-143	16	-34
2.334	1167	-35	-161	17	-42
2.336	1168	-39	-173	18	-36
2.338	1169	-43	-182	18	-35
2.34	1170	-46	-188	18	-46
2.342	1171	-48	-191	18	-51
2.344	1172	-49	-188	17	-36
2.346	1173	-49	-182	16	-42
2.348	1174	-47	-170	15	-35
2.35	1175	-45	-156	13	-35
2.352	1176	-42	-142	12	-32
2.354	1177	-37	-119	10	-18
2.356	1178	-32	-97	8	-5
2.358	1179	-26	-72	6	-10
2.36	1180	-20	-47	4	1
2.362	1181	-13	-20	2	5
2.364	1182	-6	6	0	11
2.366	1183	1	32	-2	25
2.368	1184	8	57	-4	29
2.37	1185	15	82	-6	28
2.372	1186	22	104	-7	44
2.374	1187	29	128	-9	50
2.376	1188	34	143	-10	56
2.378	1189	39	158	-11	53
2.38	1190	44	170	-11	47
2.382	1191	47	176	-11	54
2.384	1192	49	176	-10	48
2.386	1193	50	176	-10	49
2.388	1194	50	170	-9	50
2.39	1195	49	161	-8	55
2.392	1196	46	147	-7	53
2.394	1197	43	130	-5	53
2.396	1198	39	110	-3	33
2.398	1199	33	85	-1	28
2.4	1200	28	63	1	19
2.402	1201	21	35	3	5
2.404	1202	14	8	5	-3
2.406	1203	6	-21	7	-7
2.408	1204	0	-44	9	-23
2.41	1205	-8	-72	11	-17
2.412	1206	-15	-97	13	-28
2.414	1207	-22	-119	14	-38
2.416	1208	-28	-137	15	-28
2.418	1209	-34	-155	16	-36
2.42	1210	-39	-167	16	-57
2.422	1211	-43	-176	16	-57
2.424	1212	-46	-182	16	-68
2.426	1213	-48	-182	15	-64
2.428	1214	-49	-182	15	-49
2.43	1215	-49	-176	14	-49
2.432	1216	-47	-161	12	-49
2.434	1217	-44	-147	11	-31
2.436	1218	-41	-130	9	-31
2.438	1219	-36	-107	7	-25
2.44	1220	-31	-85	5	-17
2.442	1221	-24	-57	3	-18
2.444	1222	-17	-30	1	-12
2.446	1223	-10	-3	-1	16
2.448	1224	-2	26	-3	18
2.45	1225	4	48	-5	32
2.452	1226	12	76	-7	43
2.454	1227	19	101	-9	53
2.456	1228	26	123	-10	68
2.458	1229	32	141	-11	42
2.46	1230	38	159	-12	32
2.462	1231	42	171	-13	55
2.464	1232	46	180	-13	63
2.466	1233	48	183	-13	60
2.468	1234	50	186	-13	64
2.47	1235	50	180	-12	51
2.472	1236	49	171	-11	56
2.474	1237	47	159	-10	61
2.476	1238	43	139	-8	26
2.478	1239	39	122	-7	14
2.48	1240	33	96	-5	5
2.482	1241	27	71	-3	-1
2.484	1242	20	43	-1	6
2.486	1243	13	16	1	-5
2.488	1244	5	-13	3	-25
2.49	1245	-2	-39	5	-17
2.492	1246	-9	-64	7	-17
2.494	1247	-17	-92	9	-38
2.496	1248	-24	-117	11	-48
2.498	1249	-30	-135	12	-66
2.5	1250	-36	-153	13	-44
2.502	1251	-41	-165	13	-38
2.504	1252	-45	-174	13	-53
2.506	1253	-47	-177	13	-60
2.508	1254	-49	-177	12	-52
2.51	1255	-49	-174	12	-42
2.512	1256	-48	-165	11	-33
2.514	1257	-46	-151	9	-48
2.516	1258	-42	-134	8	-55
2.518	1259	-38	-114	6	-34
2.52	1260	-32	-89	4	-16
2.522	1261	-26	-64	2	-14
2.524	1262	-19	-36	0	-11
2.526	1263	-12	-9	-2	-8
2.528	1264	-4	20	-4	16
2.53	1265	3	46	-6	25
2.532	1266	11	74	-8	20
2.534	1267	19	99	-9	12
2.536	1268	26	124	-11	18
2.538	1269	32	142	-12	45
2.54	1270	38	160	-13	62
2.542	1271	43	172	-13	57
2.544	1272	46	178	-13	49
2.546	1273	49	184	-13	66
2.548	1274	50	181	-12	65
2.55	1275	50	178	-12	62
2.552	1276	48	166	-11	38
2.554	1277	46	152	-9	29
2.556	1278	42	135	-8	36
2.558	1279	37	112	-6	39
2.56	1280	31	90	-5	30
2.562	1281	25	65	-3	11
2.564	1282	17	34	-1	6
2.566	1283	10	7	1	7
2.568	1284	2	-22	3	-8
2.57	1285	-5	-45	4	-32
2.572	1286	-13	-73	6	-52
2.574	1287	-21	-101	8	-48
2.576	1288	-28	-123	9	-41
2.578	1289	-34	-141	10	-46
2.58	1290	-39	-156	11	-54
2.582	1291	-44	-168	11	-56
2.584	1292	-47	-174	11	-47
2.586	1293	-48	-174	11	-34
2.588	1294	-49	-171	10	-56
2.59	1295	-48	-162	9	-66
2.592	1296	-46	-151	8	-67
2.594	1297	-43	-137	7	-50
2.596	1298	-38	-114	5	-35
2.598	1299	-33	-94	4	-25
2.6	1300	-26	-66	2	-29
2.602	1301	-19	-38	0	-5
2.604	1302	-11	-8	-2	16
2.606	1303	-3	21	-4	18
2.608	1304	4	47	-6	14
2.61	1305	12	75	-8	11
2.612	1306	20	100	-9	31
2.614	1307	27	122	-10	58
2.616	1308	34	143	-11	24
2.618	1309	39	158	-12	47
2.62	1310	44	173	-13	58
2.622	1311	47	179	-13	78
2.624	1312	49	182	-13	79
2.626	1313	50	182	-13	70
2.628	1314	49	173	-12	29
2.63	1315	47	161	-11	56
2.632	1316	44	144	-9	46
2.634	1317	40	127	-8	31
2.636	1318	34	101	-6	23
2.638	1319	28	79	-5	15
2.64	1320	21	51	-3	18
2.642	1321	13	21	-1	28
2.644	1322	5	-8	1	0
2.646	1323	-3	-37	3	-30
2.648	1324	-11	-65	5	-36
2.65	1325	-19	-93	7	-33
2.652	1326	-26	-115	8	-49
2.654	1327	-33	-136	9	-56
2.656	1328	-38	-151	10	-53
2.658	1329	-43	-163	10	-43
2.66	1330	-46	-172	11	-39
2.662	1331	-48	-175	11	-53
2.664	1332	-49	-175	11	-62
2.666	1333	-48	-166	10	-67
2.668	1334	-46	-154	9	-45
2.67	1335	-43	-140	8	-49
2.672	1336	-38	-120	7	-45
2.674	1337	-32	-94	5	-34
2.676	1338	-25	-69	4	-16
2.678	1339	-18	-41	2	14
2.68	1340	-10	-11	0	15
2.682	1341	-2	15	-1	13
2.684	1342	6	44	-3	14
2.686	1343	14	72	-5	33
2.688	1344	22	100	-7	41
2.69	1345	29	122	-8	44
2.692	1346	36	143	-9	50
2.694	1347	41	155	-9	57
2.696	1348	45	167	-10	50
2.698	1349	48	173	-10	83
2.7	1350	50	176	-10	66
2.702	1351	50	173	-10	64
2.704	1352	49	164	-9	62
2.706	1353	46	150	-8	53
2.708	1354	42	130	-6	40
2.71	1355	37	110	-5	47
2.712	1356	30	82	-3	16
2.714	1357	23	54	-1	19
2.716	1358	15	26	0	20
2.718	1359	7	-3	2	6
2.72	1360	-1	-35	5	-11
2.722	1361	-9	-60	6	-12
2.724	1362	-17	-88	8	-42
2.726	1363	-25	-113	9	-31
2.728	1364	-32	-135	10	-24
2.73	1365	-38	-153	11	-55
2.732	1366	-43	-168	12	-56
2.734	1367	-46	-174	12	-64
2.736	1368	-48	-177	12	-59
2.738	1369	-49	-174	11	-58
2.74	1370	-48	-168	11	-51
2.742	1371	-46	-156	10	-64
2.744	1372	-42	-139	9	-46
2.746	1373	-37	-116	7	-26
2.748	1374	-31	-93	6	-39
2.75	1375	-24	-65	4	-16
2.752	1376	-16	-37	3	-18
2.754	1377	-8	-7	1	-2
2.756	1378	0	22	-1	24
2.758	1379	8	48	-2	27
2.76	1380	17	79	-4	28
2.762	1381	24	101	-5	50
2.764	1382	32	129	-7	64
2.766	1383	38	144	-7	70
2.768	1384	43	159	-8	78
2.77	1385	47	168	-8	32
2.772	1386	49	171	-8	60
2.774	1387	50	168	-7	79
2.776	1388	49	162	-7	71
2.778	1389	47	150	-6	64
2.78	1390	44	136	-5	67
2.782	1391	39	116	-4	40
2.784	1392	33	90	-2	61
2.786	1393	26	65	-1	37
2.788	1394	18	34	1	-2
2.79	1395	9	1	3	-2
2.792	1396	1	-28	5	-12
2.794	1397	-7	-57	7	-17
2.796	1398	-16	-85	8	-17
2.798	1399	-24	-113	10	-54
2.8	1400	-31	-135	11	-46
2.802	1401	-37	-150	11	-6
2.804	1402	-42	-165	12	-42
2.806	1403	-46	-174	12	-73
2.808	1404	-48	-177	12	-80
2.81	1405	-49	-174	11	-84
2.812	1406	-48	-168	11	-62
2.814	1407	-46	-156	10	-40
2.816	1408	-42	-139	9	-74
2.818	1409	-37	-119	8	-46
2.82	1410	-31	-93	6	-10
2.822	1411	-23	-65	5	-6
2.824	1412	-15	-34	3	0
2.826	1413	-7	-7	2	-8
2.828	1414	1	22	0	-13
2.83	1415	10	53	-2	29
2.832	1416	19	81	-3	48
2.834	1417	27	109	-5	40
2.836	1418	34	131	-6	62
2.838	1419	40	149	-7	73
2.84	1420	44	158	-7	96
2.842	1421	48	170	-8	64
2.844	1422	50	173	-8	69
2.846	1423	50	170	-8	40
2.848	1424	49	161	-7	80
2.85	1425	46	147	-6	67
2.852	1426	41	127	-5	62
2.854	1427	36	107	-4	34
2.856	1428	29	79	-2	51
2.858	1429	21	51	-1	34
2.86	1430	13	20	1	28
2.862	1431	4	-12	3	-5
2.864	1432	-4	-41	5	-34
2.866	1433	-13	-69	6	-30
2.868	1434	-21	-97	8	-28
2.87	1435	-29	-122	9	-62
2.872	1436	-36	-143	10	-36
2.874	1437	-41	-158	11	-42
2.876	1438	-45	-167	11	-59
2.878	1439	-48	-173	11	-46
2.88	1440	-49	-170	10	-77
2.882	1441	-48	-164	10	-91
2.884	1442	-46	-153	9	-67
2.886	1443	-42	-136	8	-64
2.888	1444	-37	-116	7	-65
2.89	1445	-31	-93	6	-31
2.892	1446	-23	-62	4	-27
2.894	1447	-15	-34	3	-5
2.896	1448	-6	-1	1	19
2.898	1449	2	25	0	6
2.9	1450	11	56	-2	10
2.902	1451	20	87	-4	32
2.904	1452	28	112	-5	37
2.906	1453	35	133	-6	59
2.908	1454	41	151	-7	65
2.91	1455	45	160	-7	47
2.912	1456	48	166	-7	82
2.914	1457	50	169	-7	90
2.916	1458	50	163	-6	84
2.918	1459	48	154	-6	75
2.92	1460	44	137	-5	59
2.922	1461	39	117	-4	43
2.924	1462	33	94	-3	52
2.926	1463	26	66	-1	31
2.928	1464	17	35	0	5
2.93	1465	8	5	1	9
2.932	1466	0	-24	3	2
2.934	1467	-9	-56	5	-13
2.936	1468	-18	-84	6	-21
2.938	1469	-26	-112	8	-61
2.94	1470	-33	-131	8	-70
2.942	1471	-39	-149	9	-37
2.944	1472	-44	-164	10	-66
2.946	1473	-47	-170	10	-85
2.948	1474	-49	-173	10	-81
2.95	1475	-49	-170	10	-74
2.952	1476	-47	-158	9	-65
2.954	1477	-43	-141	8	-45
2.956	1478	-38	-121	7	-77
2.958	1479	-32	-98	6	-60
2.96	1480	-24	-67	4	-25
2.962	1481	-16	-39	3	-25
2.964	1482	-7	-6	1	-9
2.966	1483	1	20	0	-3
2.968	1484	10	52	-2	7
2.97	1485	19	83	-4	46
2.972	1486	28	111	-5	61
2.974	1487	35	133	-6	56
2.976	1488	41	151	-7	59
2.978	1489	46	166	-8	51
2.98	1490	49	172	-8	83
2.982	1491	50	172	-8	87
2.984	1492	50	169	-8	79
2.986	1493	47	157	-8	75
2.988	1494	44	143	-7	74
2.99	1495	38	120	-6	70
2.992	1496	32	97	-5	65
2.994	1497	24	66	-3	22
2.996	1498	15	35	-2	9
2.998	1499	6	2	0	3
3	1500	-3	-27	1	-1
3.002	1501	-12	-59	3	-27
3.004	1502	-21	-87	4	-35
3.006	1503	-29	-115	6	-57
3.008	1504	-36	-137	7	-58
3.01	1505	-41	-149	7	-51
3.012	1506	-46	-161	7	-53
3.014	1507	-48	-167	8	-96
3.016	1508	-49	-167	8	-85
3.018	1509	-48	-161	8	-81
3.02	1510	-45	-147	7	-87
3.022	1511	-41	-130	6	-72
3.024	1512	-35	-107	5	-67
3.026	1513	-28	-82	4	-61
3.028	1514	-19	-48	2	-8
3.03	1515	-10	-17	1	-18
3.032	1516	-1	15	-1	-8
3.034	1517	8	44	-2	2
3.036	1518	17	75	-4	21
3.038	1519	25	100	-5	37
3.04	1520	33	125	-6	64
3.042	1521	40	146	-7	73
3.044	1522	45	161	-8	39
3.046	1523	48	167	-8	75
3.048	1524	50	170	-8	102
3.05	1525	50	167	-8	102
3.052	1526	48	158	-8	85
3.054	1527	44	141	-7	82
3.056	1528	39	121	-6	52
3.058	1529	32	95	-5	79
3.06	1530	24	67	-4	40
3.062	1531	15	33	-2	9
3.064	1532	6	3	-1	12
3.066	1533	-3	-26	0	-6
3.068	1534	-12	-57	2	-7
3.07	1535	-21	-88	4	-30
3.072	1536	-30	-116	5	-58
3.074	1537	-37	-137	6	-77
3.076	1538	-42	-149	6	-77
3.078	1539	-46	-161	7	-43
3.08	1540	-49	-167	7	-111
3.082	1541	-49	-164	7	-79
3.084	1542	-47	-155	7	-106
3.086	1543	-44	-141	6	-78
3.088	1544	-39	-121	5	-69
3.09	1545	-33	-98	4	-63
3.092	1546	-25	-70	3	-74
3.094	1547	-16	-36	1	-35
3.096	1548	-7	-6	0	-10
3.098	1549	2	23	-1	-8
3.1	1550	12	58	-3	10
3.102	1551	21	86	-4	25
3.104	1552	29	114	-6	41
3.106	1553	36	136	-7	91
3.108	1554	42	151	-7	86
3.11	1555	47	166	-8	59
3.112	1556	49	169	-8	63
3.114	1557	50	169	-8	111
3.116	1558	49	163	-8	109
3.118	1559	46	149	-7	103
3.12	1560	41	129	-6	87
3.122	1561	34	103	-5	53
3.124	1562	27	78	-4	89
3.126	1563	18	47	-3	61
3.128	1564	8	13	-2	13
3.13	1565	0	-16	0	-5
3.132	1566	-10	-48	1	-23
3.134	1567	-19	-79	3	-17
3.136	1568	-28	-107	4	-37
3.138	1569	-35	-129	5	-77
3.14	1570	-41	-147	6	-101
3.142	1571	-46	-159	6	-48
3.144	1572	-48	-162	6	-63
3.146	1573	-49	-162	6	-105
3.148	1574	-48	-153	5	-112
3.15	1575	-44	-139	5	-119
3.152	1576	-39	-119	4	-86
3.154	1577	-33	-96	3	-58
3.156	1578	-25	-68	2	-76
3.158	1579	-16	-37	1	-72
3.16	1580	-6	-1	-1	-16
3.162	1581	3	28	-2	3
3.164	1582	12	57	-3	28
3.166	1583	22	91	-5	22
3.168	1584	30	116	-6	25
3.17	1585	37	138	-7	62
3.172	1586	43	153	-7	115
3.174	1587	47	162	-7	72
3.176	1588	50	168	-7	66
3.178	1589	50	165	-7	114
3.18	1590	48	153	-6	118
3.182	1591	44	139	-6	139
3.184	1592	39	119	-5	111
3.186	1593	32	93	-4	49
3.188	1594	24	65	-3	74
3.19	1595	15	31	-1	74
3.192	1596	5	-1	0	21
3.194	1597	-4	-30	1	-8
3.196	1598	-14	-61	2	-33
3.198	1599	-23	-92	4	-39
3.2	1600	-32	-120	5	-9
3.202	1601	-38	-138	6	-78
3.204	1602	-44	-153	6	-119
3.206	1603	-47	-162	7	-65
3.208	1604	-49	-165	7	-99
3.21	1605	-48	-159	7	-102
3.212	1606	-46	-151	7	-125
3.214	1607	-42	-134	6	-140
3.216	1608	-36	-111	5	-111
3.218	1609	-28	-82	4	-38
3.22	1610	-19	-51	3	-70
3.222	1611	-10	-20	2	-59
3.224	1612	0	15	0	-27
3.226	1613	10	47	-1	-9
3.228	1614	19	75	-2	42
3.23	1615	28	106	-4	49
3.232	1616	36	131	-5	18
3.234	1617	42	146	-5	80
3.236	1618	47	161	-6	129
3.238	1619	49	164	-6	82
3.24	1620	50	164	-6	136
3.242	1621	48	155	-6	110
3.244	1622	45	141	-5	121
3.246	1623	40	124	-5	155
3.248	1624	33	98	-4	121
3.25	1625	24	67	-3	41
3.252	1626	15	33	-1	77
3.254	1627	5	0	0	27
3.256	1628	-4	-29	1	21
3.258	1629	-14	-61	2	8
3.26	1630	-24	-95	4	-56
3.262	1631	-32	-120	5	-59
3.264	1632	-39	-141	6	-37
3.266	1633	-44	-153	6	-122
3.268	1634	-48	-162	6	-63
3.27	1635	-49	-162	6	-120
3.272	1636	-48	-153	5	-136
3.274	1637	-45	-142	5	-130
3.276	1638	-41	-125	4	-121
3.278	1639	-34	-99	3	-149
3.28	1640	-26	-71	2	-78
3.282	1641	-17	-40	1	-78
3.284	1642	-7	-7	0	-68
3.286	1643	3	25	-1	-13
3.288	1644	13	57	-2	-15
3.29	1645	22	85	-3	5
3.292	1646	31	113	-4	63
3.294	1647	38	135	-5	56
3.296	1648	44	153	-6	86
3.298	1649	48	162	-6	137
3.3	1650	50	165	-6	83
3.302	1651	50	162	-6	139
3.304	1652	47	150	-6	154
3.306	1653	43	133	-5	142
3.308	1654	36	107	-4	134
3.31	1655	28	79	-3	135
3.312	1656	19	48	-2	54
3.314	1657	9	14	-1	96
3.316	1658	0	-15	0	40
3.318	1659	-10	-47	1	-5
3.32	1660	-20	-78	2	-1
3.322	1661	-29	-109	4	-35
3.324	1662	-37	-134	5	-67
3.326	1663	-43	-149	5	-65
3.328	1664	-47	-161	6	-148
3.33	1665	-49	-164	6	-79
3.332	1666	-49	-161	6	-123
3.334	1667	-46	-146	5	-138
3.336	1668	-42	-132	5	-176
3.338	1669	-36	-109	4	-137
3.34	1670	-28	-80	3	-153
3.342	1671	-18	-46	2	-86
3.344	1672	-8	-12	1	-85
3.346	1673	1	17	0	-79
3.348	1674	11	49	-1	-22
3.35	1675	21	80	-2	10
3.352	1676	30	108	-3	32
3.354	1677	38	133	-4	63
3.356	1678	44	151	-5	64
3.358	1679	48	160	-5	114
3.36	1680	50	163	-5	134
3.362	1681	50	160	-5	114
3.364	1682	47	148	-5	160
3.366	1683	42	128	-4	159
3.368	1684	36	105	-3	166
3.37	1685	28	77	-2	161
3.372	1686	18	43	-1	131
3.374	1687	8	9	0	59
3.376	1688	-1	-17	0	84
3.378	1689	-12	-52	1	27
3.38	1690	-22	-83	2	1
3.382	1691	-31	-111	3	-35
3.384	1692	-38	-133	4	-70
3.386	1693	-44	-151	5	-86
3.388	1694	-47	-157	5	-95
3.39	1695	-49	-160	5	-135
3.392	1696	-48	-154	5	-93
3.394	1697	-45	-143	5	-188
3.396	1698	-40	-123	4	-172
3.398	1699	-33	-97	3	-171
3.4	1700	-25	-69	2	-167
3.402	1701	-15	-35	1	-155
3.404	1702	-4	0	0	-90
3.406	1703	5	29	-1	-100
3.408	1704	16	64	-2	-29
3.41	1705	25	89	-2	-18
3.412	1706	34	117	-3	35
3.414	1707	41	139	-4	52
3.416	1708	46	154	-5	97
3.418	1709	49	160	-5	87
3.42	1710	50	160	-5	164
3.422	1711	48	151	-5	99
3.424	1712	45	137	-4	190
3.426	1713	39	114	-3	178
3.428	1714	31	88	-3	200
3.43	1715	22	57	-2	169
3.432	1716	12	23	-1	172
3.434	1717	1	-12	0	83
3.436	1718	-8	-41	1	91
3.438	1719	-19	-75	2	33
3.44	1720	-28	-100	2	-16
3.442	1721	-36	-125	3	-30
3.444	1722	-42	-143	4	-78
3.446	1723	-47	-155	4	-84
3.448	1724	-49	-158	4	-96
3.45	1725	-49	-152	3	-171
3.452	1726	-46	-141	3	-97
3.454	1727	-41	-121	2	-197
3.456	1728	-34	-95	1	-182
3.458	1729	-26	-70	1	-216
3.46	1730	-16	-36	0	-182
3.462	1731	-6	-3	-1	-183
3.464	1732	4	29	-2	-100
3.466	1733	15	64	-3	-104
3.468	1734	25	95	-4	-44
3.47	1735	34	120	-4	-4
3.472	1736	41	142	-5	30
3.474	1737	46	154	-5	70
3.476	1738	49	160	-5	101
3.478	1739	50	160	-5	96
3.48	1740	48	148	-4	175
3.482	1741	44	131	-3	131
3.484	1742	38	108	-2	210
3.486	1743	30	82	-2	189
3.488	1744	21	51	-1	210
3.49	1745	11	17	0	199
3.492	1746	0	-18	1	185
3.494	1747	-10	-50	2	96
3.496	1748	-20	-81	3	79
3.498	1749	-30	-109	3	16
3.5	1750	-38	-131	3	-11
3.502	1751	-44	-149	4	-45
3.504	1752	-47	-155	4	-97
3.506	1753	-49	-158	4	-118
3.508	1754	-48	-149	3	-105
3.51	1755	-45	-135	2	-162
3.512	1756	-39	-115	2	-124
3.514	1757	-32	-89	1	-223
3.516	1758	-23	-58	0	-211
3.518	1759	-13	-24	-1	-217
3.52	1760	-2	11	-2	-207
3.522	1761	8	43	-3	-207
3.524	1762	19	77	-4	-108
3.526	1763	29	105	-4	-95
3.528	1764	37	130	-5	-34
3.53	1765	43	145	-5	9
3.532	1766	48	157	-5	64
3.534	1767	50	160	-5	80
3.536	1768	49	151	-4	104
3.538	1769	47	143	-4	133
3.54	1770	41	120	-3	175
3.542	1771	34	94	-2	168
3.544	1772	25	63	-1	226
3.546	1773	15	29	0	216
3.548	1774	4	-6	1	223
3.55	1775	-6	-38	2	211
3.552	1776	-17	-72	3	185
3.554	1777	-27	-100	3	87
3.556	1778	-35	-122	3	87
3.558	1779	-42	-143	4	-9
3.56	1780	-47	-155	4	-29
3.562	1781	-49	-161	5	-87
3.564	1782	-49	-158	5	-126
3.566	1783	-46	-144	4	-141
3.568	1784	-41	-124	3	-187
3.57	1785	-34	-98	2	-142
3.572	1786	-25	-67	1	-197
3.574	1787	-15	-33	0	-216
3.576	1788	-4	2	-1	-233
3.578	1789	7	37	-2	-223
3.58	1790	18	71	-3	-229
3.582	1791	28	99	-3	-165
3.584	1792	36	124	-4	-121
3.586	1793	43	143	-4	-100
3.588	1794	48	155	-4	6
3.59	1795	50	158	-4	41
3.592	1796	50	155	-4	110
3.594	1797	47	141	-3	126
3.596	1798	41	118	-2	162
3.598	1799	34	92	-1	207
3.6	1800	25	64	-1	177
3.602	1801	15	27	1	209
3.604	1802	4	-5	1	238
3.606	1803	-7	-37	1	234
3.608	1804	-18	-71	2	226
3.61	1805	-28	-102	3	210
3.612	1806	-36	-124	3	113
3.614	1807	-43	-142	3	61
3.616	1808	-47	-151	3	27
3.618	1809	-49	-151	2	-39
3.62	1810	-48	-145	2	-70
3.622	1811	-45	-134	2	-119
3.624	1812	-39	-111	1	-167
3.626	1813	-32	-85	0	-185
3.628	1814	-22	-51	-1	-176
3.63	1815	-12	-17	-2	-145
3.632	1816	-1	18	-3	-233
3.634	1817	10	53	-4	-233
3.636	1818	21	84	-4	-233
3.638	1819	30	112	-5	-233
3.64	1820	39	137	-5	-187
3.642	1821	45	152	-5	-115
3.644	1822	49	158	-4	-114
3.646	1823	50	158	-4	8
3.648	1824	49	149	-3	48
3.65	1825	45	135	-3	128
3.652	1826	39	109	-1	138
3.654	1827	30	77	0	165
3.656	1828	21	46	1	165
3.658	1829	10	9	2	187
3.66	1830	-1	-26	3	225
3.662	1831	-12	-61	4	237
3.664	1832	-23	-92	4	205
3.666	1833	-32	-120	5	235
3.668	1834	-40	-141	5	211
3.67	1835	-45	-153	5	140
3.672	1836	-48	-156	4	40
3.674	1837	-49	-153	3	-50
3.676	1838	-47	-142	2	-113
3.678	1839	-42	-122	1	-54
3.68	1840	-35	-99	1	-121
3.682	1841	-26	-68	0	-150
3.684	1842	-15	-31	-1	-182
3.686	1843	-4	4	-2	-202
3.688	1844	6	36	-3	-135
3.69	1845	18	74	-4	-233
3.692	1846	28	105	-5	-230
3.694	1847	37	130	-5	-234
3.696	1848	44	148	-5	-232
3.698	1849	48	154	-4	-192
3.7	1850	50	157	-4	-57
3.702	1851	49	149	-3	-76
3.704	1852	46	135	-2	39
3.706	1853	40	112	-1	127
3.708	1854	32	83	0	117
3.71	1855	22	49	1	183
3.712	1856	11	12	2	142
3.714	1857	0	-23	3	131
3.716	1858	-11	-58	4	194
3.718	1859	-22	-89	4	232
3.72	1860	-32	-120	5	238
3.722	1861	-40	-141	5	196
3.724	1862	-45	-153	5	224
3.726	1863	-48	-159	5	200
3.728	1864	-49	-156	4	73
3.73	1865	-47	-144	3	8
3.732	1866	-42	-124	2	-105
3.734	1867	-35	-95	0	-89
3.736	1868	-25	-64	0	-104
3.738	1869	-15	-27	-2	-107
3.74	1870	-3	11	-3	-141
3.742	1871	7	43	-4	-229
3.744	1872	19	80	-5	-110
3.746	1873	29	111	-6	-166
3.748	1874	38	136	-6	-233
3.75	1875	44	151	-6	-233
3.752	1876	49	163	-6	-234
3.754	1877	50	160	-5	-217
3.756	1878	49	154	-5	-70
3.758	1879	45	137	-4	-61
3.76	1880	38	108	-2	-36
3.762	1881	30	80	-1	149
3.764	1882	19	43	0	136
3.766	1883	8	7	1	172
3.768	1884	-3	-31	3	162
3.77	1885	-14	-65	4	103
3.772	1886	-25	-99	5	160
3.774	1887	-34	-124	5	181
3.776	1888	-42	-148	6	238
3.778	1889	-47	-160	6	204
3.78	1890	-49	-163	6	233
3.782	1891	-48	-157	6	162
3.784	1892	-45	-143	5	140
3.786	1893	-39	-117	3	5
3.788	1894	-31	-88	2	-35
3.79	1895	-21	-51	0	-112
3.792	1896	-10	-14	-1	-114
3.794	1897	1	21	-2	-78
3.796	1898	13	59	-3	-114
3.798	1899	24	96	-5	-217
3.8	1900	0	22	-5	-103
3.802	1901	0	24	-6	-125
3.804	1902	0	23	-6	-213
3.806	1903	0	22	-6	-233
3.808	1904	0	21	-6	-233
3.81	1905	0	20	-6	-233
3.812	1906	0	16	-5	-75
3.814	1907	0	15	-5	-23
3.816	1908	0	14	-5	-34
3.818	1909	0	10	-4	102
3.82	1910	0	9	-4	117
3.822	1911	0	8	-4	168
3.824	1912	0	5	-3	119
3.826	1913	0	5	-3	59
3.828	1914	0	5	-3	155
3.83	1915	0	5	-3	143
3.832	1916	0	5	-3	200
3.834	1917	0	5	-3	193
3.836	1918	0	5	-3	212
3.838	1919	0	5	-3	184
3.84	1920	0	8	-4	171
3.842	1921	0	7	-4	77
3.844	1922	0	7	-4	-21
3.846	1923	0	7	-4	-26
3.848	1924	0	7	-4	-63
3.85	1925	0	4	-3	-48
3.852	1926	0	4	-3	-51
3.854	1927	0	4	-3	-76
3.856	1928	0	4	-3	-138
3.858	1929	0	4	-3	-55
3.86	1930	0	1	-2	-137
3.862	1931	0	1	-2	-173
3.864	1932	0	1	-2	-217
3.866	1933	0	-1	-1	-229
3.868	1934	0	0	-1	-163
3.87	1935	0	-2	0	-62
3.872	1936	0	-1	0	-70
3.874	1937	0	-3	1	-22
3.876	1938	0	-2	1	75
3.878	1939	0	-1	1	59
3.88	1940	0	1	0	94
3.882	1941	0	0	0	56
3.884	1942	0	0	0	26
3.886	1943	0	0	0	140
3.888	1944	0	0	0	102
3.89	1945	0	0	0	158
3.892	1946	0	0	0	167
3.894	1947	0	2	-1	174
3.896	1948	0	1	-1	179
3.898	1949	0	1	-1	171
3.9	1950	0	1	-1	44
3.902	1951	0	4	-2	7
3.904	1952	0	3	-2	-33
3.906	1953	0	3	-2	-59
3.908	1954	0	6	-3	-47
3.91	1955	0	5	-3	-69
3.912	1956	0	2	-2	-107
3.914	1957	0	2	-2	-64
3.916	1958	0	2	-2	-127
3.918	1959	0	2	-2	-106
3.92	1960	0	2	-2	-124
3.922	1961	0	2	-2	-171
3.924	1962	0	0	-1	-186
3.926	1963	0	0	-1	-109
3.928	1964	0	0	-1	-113
3.93	1965	0	0	-1	-26
3.932	1966	0	-2	0	24
3.934	1967	0	-1	0	5
3.936	1968	0	0	0	94
3.938	1969	0	0	0	74
3.94	1970	0	0	0	50
3.942	1971	0	0	0	72
3.944	1972	0	0	0	83
3.946	1973	0	0	0	72
3.948	1974	0	0	0	128
3.95	1975	0	0	0	142
3.952	1976	0	0	0	149
3.954	1977	0	2	-1	166
3.956	1978	0	1	-1	105
3.958	1979	0	1	-1	33
3.96	1980	0	1	-1	6
3.962	1981	0	4	-2	-46
3.964	1982	0	3	-2	-76
3.966	1983	0	3	-2	-54
3.968	1984	0	0	-1	-87
3.97	1985	0	0	-1	-64
3.972	1986	0	0	-1	-50
3.974	1987	0	0	-1	-128
3.976	1988	0	0	-1	-46
3.978	1989	0	0	-1	-102
3.98	1990	0	0	-1	-135
3.982	1991	0	-2	0	-145
3.984	1992	0	-1	0	-95
3.986	1993	0	0	0	-92
3.988	1994	0	0	0	15
3.99	1995	0	0	0	18
3.992	1996	0	0	0	17
3.994	1997	0	2	-1	99
3.996	1998	0	1	-1	66
3.998	1999	0	1	-1	58
