#SLFR RTP OL_Test
#t	n	u	v	$\theta$	a
0	0	0	0	0	4
0.002	1	0	0	0	4
0.004	2	0	0	0	4
0.006	3	0	0	0	3
0.008	4	0	0	0	4
0.01	5	0	0	0	4
0.012	6	0	0	0	4
0.014	7	0	0	0	5
0.016	8	0	0	0	4
0.018	9	0	0	0	4
0.02	10	0	0	0	4
0.022	11	0	0	0	4
0.024	12	0	0	0	4
0.026	13	1	2	0	5
0.028	14	1	1	0	4
0.03	15	1	1	0	3
0.032	16	1	1	0	4
0.034	17	1	1	0	4
0.036	18	1	1	0	4
0.038	19	1	1	0	4
0.04	20	1	1	0	4
0.042	21	1	1	0	4
0.044	22	2	4	0	4
0.046	23	2	3	0	3
0.048	24	2	3	0	4
0.05	25	2	3	0	4
0.052	26	2	3	0	4
0.054	27	2	3	0	3
0.056	28	2	3	0	4
0.058	29	3	6	0	4
0.06	30	3	5	0	4
0.062	31	3	5	0	4
0.064	32	3	5	0	4
0.066	33	3	5	0	4
0.068	34	4	8	0	5
0.07	35	4	7	0	3
0.072	36	4	4	1	5
0.074	37	4	4	1	5
0.076	38	5	7	1	5
0.078	39	5	7	1	3
0.08	40	5	7	1	4
0.082	41	5	7	1	4
0.084	42	6	10	1	3
0.086	43	6	9	1	4
0.088	44	6	9	1	4
0.09	45	6	9	1	3
0.092	46	7	12	1	4
0.094	47	7	11	1	4
0.096	48	7	11	1	2
0.098	49	8	14	1	2
0.1	50	8	13	1	6
0.102	51	8	13	1	5
0.104	52	8	13	1	5
0.106	53	9	13	2	5
0.108	54	9	13	2	4
0.11	55	9	13	2	5
0.112	56	10	16	2	4
0.114	57	10	15	2	2
0.116	58	10	15	2	4
0.118	59	11	18	2	4
0.12	60	11	15	3	3
0.122	61	12	18	3	2
0.124	62	12	17	3	4
0.126	63	12	17	3	0
0.128	64	13	20	3	3
0.13	65	13	17	4	1
0.132	66	14	20	4	-1
0.134	67	14	19	4	0
0.136	68	14	19	4	-1
0.138	69	15	19	5	0
0.14	70	15	19	5	2
0.142	71	16	21	5	1
0.144	72	16	21	5	-1
0.146	73	16	18	6	1
0.148	74	17	21	6	0
0.15	75	17	21	6	0
0.152	76	18	21	7	-1
0.154	77	18	21	7	-1
0.156	78	19	23	7	-1
0.158	79	19	23	7	2
0.16	80	20	23	8	0
0.162	81	20	23	8	0
0.164	82	21	25	8	0
0.166	83	21	22	9	0
0.168	84	21	22	9	0
0.17	85	22	25	9	-1
0.172	86	22	22	10	-3
0.174	87	23	25	10	-1
0.176	88	23	25	10	-2
0.178	89	24	25	11	-2
0.18	90	24	25	11	-2
0.182	91	25	27	11	-3
0.184	92	25	24	12	-4
0.186	93	26	27	12	-3
0.188	94	26	27	12	-5
0.19	95	27	27	13	-4
0.192	96	27	27	13	-4
0.194	97	28	29	13	-5
0.196	98	28	26	14	-4
0.198	99	29	29	14	-3
0.2	100	29	29	14	-5
0.202	101	30	29	15	-3
0.204	102	30	29	15	-2
0.206	103	31	31	15	-5
0.208	104	31	28	16	-4
0.21	105	32	31	16	-3
0.212	106	32	28	17	-5
0.214	107	33	31	17	-1
0.216	108	33	31	17	-3
0.218	109	34	31	18	-3
0.22	110	34	31	18	-1
0.222	111	35	33	18	-3
0.224	112	35	30	19	-2
0.226	113	36	33	19	-4
0.228	114	36	30	20	-4
0.23	115	37	33	20	-4
0.232	116	37	30	21	-2
0.234	117	38	33	21	-3
0.236	118	38	33	21	-5
0.238	119	39	33	22	-4
0.24	120	39	33	22	-6
0.242	121	40	33	23	-4
0.244	122	40	33	23	-6
0.246	123	41	33	24	-6
0.248	124	41	33	24	-5
0.25	125	42	33	25	-4
0.252	126	42	33	25	-5
0.254	127	42	33	25	-5
0.256	128	43	33	26	-3
0.258	129	43	33	26	-5
0.26	130	44	33	27	-2
0.262	131	44	33	27	-4
0.264	132	44	30	28	-3
0.266	133	45	33	28	-5
0.268	134	45	30	29	-1
0.27	135	46	33	29	-4
0.272	136	46	30	30	0
0.274	137	46	30	30	-4
0.276	138	47	30	31	0
0.278	139	47	30	31	-2
0.28	140	47	27	32	1
0.282	141	47	27	32	-5
0.284	142	48	27	33	0
0.286	143	48	27	33	-5
0.288	144	48	24	34	0
0.29	145	48	24	34	-4
0.292	146	49	24	35	0
0.294	147	49	24	35	-4
0.296	148	49	24	35	1
0.298	149	49	21	36	-5
0.3	150	49	21	36	-2
0.302	151	50	21	37	-4
0.304	152	50	21	37	-2
0.306	153	50	18	38	-2
0.308	154	50	18	38	-2
0.31	155	50	18	38	-1
0.312	156	50	15	39	0
0.314	157	50	15	39	3
0.316	158	50	12	40	-1
0.318	159	50	12	40	3
0.32	160	50	12	40	0
0.322	161	50	9	41	2
0.324	162	50	9	41	1
0.326	163	50	9	41	5
0.328	164	50	6	42	2
0.33	165	50	6	42	6
0.332	166	49	3	42	3
0.334	167	49	0	43	6
0.336	168	49	0	43	5
0.338	169	49	0	43	5
0.34	170	48	-5	44	4
0.342	171	48	-4	44	6
0.344	172	48	-3	44	3
0.346	173	48	-2	44	5
0.348	174	47	-7	45	16
0.35	175	47	-6	45	8
0.352	176	46	-8	45	6
0.354	177	46	-7	45	4
0.356	178	46	-6	45	5
0.358	179	45	-8	45	4
0.36	180	45	-7	45	8
0.362	181	44	-9	45	6
0.364	182	44	-11	46	8
0.366	183	43	-13	46	14
0.368	184	42	-15	46	10
0.37	185	42	-14	46	13
0.372	186	41	-16	46	10
0.374	187	40	-18	46	11
0.376	188	40	-17	46	12
0.378	189	39	-19	46	15
0.38	190	38	-21	46	12
0.382	191	38	-20	46	16
0.384	192	37	-22	46	19
0.386	193	36	-24	46	18
0.388	194	35	-26	46	19
0.39	195	34	-28	46	19
0.392	196	33	-30	46	18
0.394	197	32	-32	46	20
0.396	198	31	-34	46	18
0.398	199	30	-36	46	18
0.4	200	29	-38	46	19
0.402	201	28	-40	46	21
0.404	202	27	-42	46	21
0.406	203	26	-44	46	21
0.408	204	25	-46	46	19
0.41	205	24	-48	46	18
0.412	206	23	-47	45	20
0.414	207	22	-49	45	18
0.416	208	20	-54	45	18
0.418	209	19	-56	45	18
0.42	210	18	-55	44	18
0.422	211	17	-57	44	21
0.424	212	16	-59	44	23
0.426	213	14	-61	43	21
0.428	214	13	-63	43	21
0.43	215	12	-65	43	22
0.432	216	10	-67	42	22
0.434	217	9	-69	42	23
0.436	218	8	-68	41	24
0.438	219	6	-73	41	24
0.44	220	5	-72	40	28
0.442	221	4	-74	40	29
0.444	222	2	-76	39	29
0.446	223	1	-78	39	29
0.448	224	0	-77	38	28
0.45	225	-1	-76	37	29
0.452	226	-2	-78	37	29
0.454	227	-4	-80	36	28
0.456	228	-5	-79	35	30
0.458	229	-7	-81	34	27
0.46	230	-8	-83	34	30
0.462	231	-10	-85	33	29
0.464	232	-11	-84	32	30
0.466	233	-12	-83	31	29
0.468	234	-14	-86	30	29
0.47	235	-15	-88	30	30
0.472	236	-17	-90	29	26
0.474	237	-18	-89	28	29
0.476	238	-19	-89	27	27
0.478	239	-21	-92	26	31
0.48	240	-22	-91	25	27
0.482	241	-23	-91	24	32
0.484	242	-25	-94	23	28
0.486	243	-26	-93	22	33
0.488	244	-27	-93	21	30
0.49	245	-29	-96	20	33
0.492	246	-30	-95	19	30
0.494	247	-31	-95	18	34
0.496	248	-32	-95	17	32
0.498	249	-33	-95	16	32
0.5	250	-34	-95	15	35
0.502	251	-36	-98	14	30
0.504	252	-37	-95	12	35
0.506	253	-38	-95	11	32
0.508	254	-39	-95	10	31
0.51	255	-40	-95	9	36
0.512	256	-40	-92	8	30
0.514	257	-41	-92	7	32
0.516	258	-42	-89	5	29
0.518	259	-43	-89	4	30
0.52	260	-44	-89	3	30
0.522	261	-44	-86	2	30
0.524	262	-45	-86	1	32
0.526	263	-46	-83	-1	25
0.528	264	-46	-80	-2	31
0.53	265	-47	-80	-3	24
0.532	266	-47	-77	-4	27
0.534	267	-48	-77	-5	27
0.536	268	-48	-74	-6	25
0.538	269	-48	-68	-8	27
0.54	270	-49	-68	-9	25
0.542	271	-49	-65	-10	29
0.544	272	-49	-62	-11	23
0.546	273	-49	-59	-12	28
0.548	274	-49	-56	-13	25
0.55	275	-49	-53	-14	26
0.552	276	-49	-50	-15	26
0.554	277	-49	-47	-16	21
0.556	278	-48	-41	-17	25
0.558	279	-48	-38	-18	19
0.56	280	-48	-35	-19	23
0.562	281	-47	-32	-19	20
0.564	282	-47	-29	-20	19
0.566	283	-46	-23	-21	16
0.568	284	-46	-21	-22	15
0.57	285	-45	-19	-22	16
0.572	286	-44	-14	-23	14
0.574	287	-44	-12	-24	12
0.576	288	-43	-10	-24	7
0.578	289	-42	-5	-25	8
0.58	290	-41	-3	-25	7
0.582	291	-40	1	-26	6
0.584	292	-39	2	-26	5
0.586	293	-38	3	-26	1
0.588	294	-37	7	-27	4
0.59	295	-35	11	-27	0
0.592	296	-34	12	-27	1
0.594	297	-33	16	-28	-4
0.596	298	-31	20	-28	-2
0.598	299	-30	24	-29	-5
0.6	300	-28	28	-29	-5
0.602	301	-27	29	-29	-22
0.604	302	-25	33	-29	-22
0.606	303	-23	37	-29	-8
0.608	304	-22	38	-29	-5
0.61	305	-20	43	-29	-8
0.612	306	-18	47	-29	-6
0.614	307	-17	45	-28	-19
0.616	308	-15	50	-28	-10
0.618	309	-13	54	-28	-12
0.62	310	-11	58	-28	-28
0.622	311	-9	62	-28	-25
0.624	312	-7	66	-28	-27
0.626	313	-5	70	-28	-24
0.628	314	-3	74	-28	-21
0.63	315	-1	78	-28	-22
0.632	316	0	77	-27	-34
0.634	317	2	82	-27	-24
0.636	318	4	86	-27	-35
0.638	319	6	90	-27	-40
0.64	320	8	94	-27	-45
0.642	321	10	95	-26	-49
0.644	322	12	99	-26	-46
0.646	323	14	103	-26	-40
0.648	324	16	104	-25	-48
0.65	325	17	106	-25	-48
0.652	326	19	111	-25	-45
0.654	327	21	112	-24	-47
0.656	328	23	117	-24	-48
0.658	329	25	118	-23	-52
0.66	330	27	123	-23	-60
0.662	331	28	124	-23	-54
0.664	332	30	126	-22	-56
0.666	333	32	130	-22	-53
0.668	334	33	129	-21	-52
0.67	335	35	131	-20	-53
0.672	336	36	133	-20	-52
0.674	337	38	135	-19	-47
0.676	338	39	134	-18	-52
0.678	339	40	136	-18	-53
0.68	340	42	138	-17	-58
0.682	341	43	137	-16	-60
0.684	342	44	136	-15	-58
0.686	343	45	138	-15	-56
0.688	344	46	137	-14	-58
0.69	345	47	136	-13	-57
0.692	346	47	132	-12	-56
0.694	347	48	131	-11	-54
0.696	348	49	133	-11	-57
0.698	349	49	129	-10	-61
0.7	350	49	125	-9	-66
0.702	351	50	124	-8	-64
0.704	352	50	120	-7	-67
0.706	353	50	119	-7	-66
0.708	354	50	115	-6	-67
0.71	355	50	111	-5	-64
0.712	356	50	107	-4	-66
0.714	357	49	103	-4	-61
0.716	358	49	100	-3	-62
0.718	359	48	94	-2	-61
0.72	360	48	94	-2	-65
0.722	361	47	88	-1	-66
0.724	362	46	82	0	-64
0.726	363	45	79	0	-63
0.728	364	44	73	1	-57
0.73	365	43	70	1	-54
0.732	366	42	67	1	-51
0.734	367	41	61	2	-46
0.736	368	40	58	2	-44
0.738	369	38	52	2	-45
0.74	370	37	49	2	-44
0.742	371	35	43	2	-43
0.744	372	33	37	2	-42
0.746	373	31	31	2	-40
0.748	374	30	29	2	-37
0.75	375	28	24	2	-30
0.752	376	26	19	2	-28
0.754	377	24	14	2	-27
0.756	378	21	6	2	-22
0.758	379	19	4	1	-22
0.76	380	17	0	1	-21
0.762	381	15	-4	1	-22
0.764	382	12	-11	1	-18
0.766	383	10	-12	0	-18
0.768	384	8	-16	0	-11
0.77	385	5	-23	0	-10
0.772	386	3	-24	-1	-6
0.774	387	0	-31	-1	-5
0.776	388	-1	-29	-2	-3
0.778	389	-3	-33	-2	-5
0.78	390	-6	-37	-3	-3
0.782	391	-8	-41	-3	-1
0.784	392	-11	-45	-4	0
0.786	393	-13	-49	-4	6
0.788	394	-15	-53	-4	9
0.79	395	-18	-57	-5	10
0.792	396	-20	-61	-5	10
0.794	397	-22	-62	-6	31
0.796	398	-24	-66	-6	42
0.798	399	-27	-70	-7	18
0.8	400	-29	-71	-8	24
0.802	401	-31	-75	-8	20
0.804	402	-32	-73	-9	20
0.806	403	-34	-74	-10	30
0.808	404	-36	-78	-10	33
0.81	405	-38	-79	-11	32
0.812	406	-39	-77	-12	47
0.814	407	-41	-82	-12	45
0.816	408	-42	-81	-13	48
0.818	409	-43	-83	-13	41
0.82	410	-44	-82	-14	47
0.822	411	-45	-81	-15	43
0.824	412	-46	-83	-15	51
0.826	413	-47	-85	-15	52
0.828	414	-48	-84	-16	54
0.83	415	-48	-83	-16	61
0.832	416	-49	-85	-16	73
0.834	417	-49	-84	-16	67
0.836	418	-49	-80	-17	84
0.838	419	-49	-79	-17	72
0.84	420	-49	-78	-17	74
0.842	421	-48	-74	-17	84
0.844	422	-48	-73	-17	77
0.846	423	-47	-69	-17	68
0.848	424	-47	-68	-17	71
0.85	425	-46	-64	-17	73
0.852	426	-45	-60	-17	79
0.854	427	-44	-56	-17	85
0.856	428	-42	-49	-17	82
0.858	429	-41	-48	-16	84
0.86	430	-39	-42	-16	86
0.862	431	-38	-39	-16	85
0.864	432	-36	-33	-16	83
0.866	433	-34	-30	-15	76
0.868	434	-32	-24	-15	73
0.87	435	-30	-18	-15	73
0.872	436	-28	-15	-14	77
0.874	437	-26	-9	-14	79
0.876	438	-23	-3	-13	78
0.878	439	-21	0	-12	82
0.88	440	-18	8	-12	81
0.882	441	-16	10	-11	84
0.884	442	-13	15	-10	80
0.886	443	-10	20	-9	74
0.888	444	-8	22	-8	73
0.89	445	-5	24	-6	73
0.892	446	-2	29	-5	74
0.894	447	0	31	-4	73
0.896	448	3	33	-2	72
0.898	449	5	35	-1	73
0.9	450	8	37	1	75
0.902	451	11	42	2	77
0.904	452	14	44	4	64
0.906	453	16	43	6	55
0.908	454	19	45	8	54
0.91	455	22	50	9	46
0.912	456	24	49	11	46
0.914	457	27	51	13	41
0.916	458	29	50	15	34
0.918	459	31	49	17	39
0.92	460	34	51	19	28
0.922	461	36	47	22	30
0.924	462	38	46	24	11
0.926	463	39	42	26	18
0.928	464	41	41	28	7
0.93	465	43	40	30	11
0.932	466	44	36	32	-5
0.934	467	46	35	34	-5
0.936	468	47	31	36	0
0.938	469	48	27	38	2
0.94	470	48	20	40	0
0.942	471	49	16	42	-4
0.944	472	50	15	43	-7
0.946	473	50	8	45	-10
0.948	474	50	5	46	-4
0.95	475	50	0	48	-10
0.952	476	50	-2	49	-17
0.954	477	49	-7	50	-2
0.956	478	49	-9	51	-23
0.958	479	48	-14	52	-24
0.96	480	47	-19	53	-17
0.962	481	46	-21	53	-22
0.964	482	45	-26	54	-23
0.966	483	43	-31	54	-22
0.968	484	42	-36	55	-34
0.97	485	40	-41	55	-33
0.972	486	38	-46	55	-32
0.974	487	36	-51	55	-46
0.976	488	34	-56	55	-39
0.978	489	31	-61	54	-44
0.98	490	29	-66	54	-49
0.982	491	26	-71	53	-44
0.984	492	24	-73	52	-45
0.986	493	21	-78	51	-51
0.988	494	18	-83	50	-41
0.99	495	15	-88	49	-46
0.992	496	12	-93	48	-48
0.994	497	9	-95	46	-43
0.996	498	6	-100	45	-42
0.998	499	3	-102	43	-45
1	500	0	-104	41	-31
1.002	501	-3	-106	39	-35
1.004	502	-6	-108	37	-32
1.006	503	-9	-110	35	-26
1.008	504	-12	-112	33	-22
1.01	505	-15	-114	31	-16
1.012	506	-18	-113	28	-16
1.014	507	-21	-115	26	-28
1.016	508	-24	-114	23	-20
1.018	509	-26	-110	20	-14
1.02	510	-29	-112	18	-9
1.022	511	-31	-108	15	-16
1.024	512	-34	-107	12	-10
1.026	513	-36	-103	9	-13
1.028	514	-38	-99	6	0
1.03	515	-40	-95	3	-3
1.032	516	-42	-91	0	-16
1.034	517	-43	-87	-2	-5
1.036	518	-45	-86	-4	-2
1.038	519	-46	-79	-7	3
1.04	520	-47	-72	-10	2
1.042	521	-48	-66	-13	5
1.044	522	-48	-60	-15	10
1.046	523	-49	-57	-17	19
1.048	524	-49	-48	-20	21
1.05	525	-49	-42	-22	16
1.052	526	-49	-36	-24	13
1.054	527	-48	-24	-27	38
1.056	528	-47	-15	-29	26
1.058	529	-47	-9	-31	30
1.06	530	-45	2	-33	20
1.062	531	-44	6	-34	21
1.064	532	-43	13	-36	28
1.066	533	-41	20	-37	46
1.068	534	-39	27	-38	31
1.07	535	-37	37	-40	34
1.072	536	-34	44	-40	41
1.074	537	-32	51	-41	43
1.076	538	-29	61	-42	45
1.078	539	-27	65	-42	35
1.08	540	-24	75	-43	25
1.082	541	-21	82	-43	34
1.084	542	-18	89	-43	39
1.086	543	-14	99	-43	33
1.088	544	-11	103	-42	30
1.09	545	-8	110	-42	29
1.092	546	-4	117	-41	28
1.094	547	-1	121	-40	30
1.096	548	1	122	-39	19
1.098	549	5	129	-38	4
1.1	550	8	130	-36	10
1.102	551	12	137	-35	8
1.104	552	15	138	-33	8
1.106	553	18	142	-32	4
1.108	554	21	143	-30	3
1.11	555	25	147	-28	6
1.112	556	28	148	-26	2
1.114	557	30	146	-24	7
1.116	558	33	147	-22	-34
1.118	559	36	145	-19	-6
1.12	560	38	143	-17	-15
1.122	561	40	138	-14	-7
1.124	562	42	136	-12	-8
1.126	563	44	131	-9	-17
1.128	564	46	129	-7	-24
1.13	565	47	122	-4	-8
1.132	566	48	118	-2	-21
1.134	567	49	111	1	-29
1.136	568	50	107	3	-31
1.138	569	50	100	5	-40
1.14	570	50	90	8	-34
1.142	571	50	83	10	-38
1.144	572	49	73	12	-49
1.146	573	49	67	14	-42
1.148	574	48	58	16	-42
1.15	575	47	49	18	-53
1.152	576	45	40	19	-55
1.154	577	44	31	21	-62
1.156	578	42	22	22	-69
1.158	579	40	13	23	-68
1.16	580	37	1	24	-67
1.162	581	35	-6	25	-72
1.164	582	32	-16	26	-78
1.166	583	29	-23	26	-72
1.168	584	26	-30	26	-64
1.17	585	23	-37	26	-70
1.172	586	20	-44	26	-71
1.174	587	16	-51	25	-83
1.176	588	13	-58	25	-74
1.178	589	9	-65	24	-71
1.18	590	5	-75	24	-71
1.182	591	2	-79	23	-69
1.184	592	-1	-83	22	-61
1.186	593	-5	-90	21	-53
1.188	594	-8	-91	19	-42
1.19	595	-12	-98	18	-43
1.192	596	-16	-102	16	-44
1.194	597	-19	-103	14	-40
1.196	598	-22	-104	12	-34
1.198	599	-26	-108	10	-33
1.2	600	-29	-109	8	-21
1.202	601	-32	-110	6	-15
1.204	602	-35	-108	3	-15
1.206	603	-37	-106	1	-7
1.208	604	-39	-101	-2	4
1.21	605	-42	-102	-4	-1
1.212	606	-43	-94	-7	2
1.214	607	-45	-93	-9	-9
1.216	608	-46	-86	-12	11
1.218	609	-47	-79	-15	4
1.22	610	-48	-75	-17	-2
1.222	611	-49	-68	-20	11
1.224	612	-49	-61	-22	17
1.226	613	-49	-54	-24	19
1.228	614	-49	-44	-27	17
1.23	615	-48	-35	-29	5
1.232	616	-47	-26	-31	45
1.234	617	-46	-17	-33	28
1.236	618	-44	-5	-35	34
1.238	619	-42	6	-37	20
1.24	620	-40	14	-38	31
1.242	621	-38	25	-40	29
1.244	622	-35	36	-41	54
1.246	623	-32	46	-42	48
1.248	624	-29	56	-43	48
1.25	625	-26	63	-43	69
1.252	626	-23	70	-43	60
1.254	627	-19	80	-43	74
1.256	628	-16	87	-43	62
1.258	629	-12	97	-43	65
1.26	630	-8	104	-42	63
1.262	631	-4	111	-41	79
1.264	632	0	118	-40	69
1.266	633	3	122	-39	77
1.268	634	7	129	-38	74
1.27	635	11	133	-36	78
1.272	636	15	140	-35	67
1.274	637	18	144	-34	69
1.276	638	22	148	-32	47
1.278	639	26	149	-29	55
1.28	640	29	150	-27	45
1.282	641	32	148	-24	51
1.284	642	35	146	-21	32
1.286	643	38	144	-18	42
1.288	644	40	139	-15	33
1.29	645	43	137	-12	36
1.292	646	45	132	-9	21
1.294	647	46	124	-6	10
1.296	648	48	117	-2	12
1.298	649	49	110	1	7
1.3	650	49	100	4	2
1.302	651	50	90	8	1
1.304	652	50	80	11	-4
1.306	653	50	67	15	-2
1.308	654	49	55	18	10
1.31	655	48	43	21	7
1.312	656	47	31	24	-11
1.314	657	45	16	27	-5
1.316	658	44	4	30	-17
1.318	659	41	-9	32	-11
1.32	660	39	-19	34	-13
1.322	661	36	-32	36	-22
1.324	662	33	-45	38	-17
1.326	663	30	-58	40	-38
1.328	664	26	-71	41	-15
1.33	665	23	-84	43	-28
1.332	666	19	-97	44	-19
1.334	667	15	-107	44	-36
1.336	668	11	-119	45	-32
1.338	669	7	-128	45	-47
1.34	670	3	-137	45	-33
1.342	671	0	-143	45	-45
1.344	672	-5	-152	44	-50
1.346	673	-9	-158	43	-45
1.348	674	-13	-164	42	-38
1.35	675	-17	-170	41	-40
1.352	676	-21	-176	40	-31
1.354	677	-25	-179	38	-43
1.356	678	-28	-179	36	-30
1.358	679	-32	-182	34	-28
1.36	680	-35	-182	32	-20
1.362	681	-38	-182	30	-23
1.364	682	-40	-177	27	-13
1.366	683	-42	-175	25	-11
1.368	684	-44	-170	22	5
1.37	685	-46	-165	19	29
1.372	686	-47	-157	16	24
1.374	687	-48	-149	13	19
1.376	688	-49	-141	10	28
1.378	689	-49	-128	6	27
1.38	690	-49	-118	3	30
1.382	691	-48	-105	0	34
1.384	692	-47	-92	-3	32
1.386	693	-46	-79	-6	47
1.388	694	-44	-64	-9	52
1.39	695	-42	-49	-12	45
1.392	696	-40	-34	-15	49
1.394	697	-37	-19	-17	49
1.396	698	-34	-4	-19	44
1.398	699	-31	12	-22	54
1.4	700	-28	22	-23	40
1.402	701	-24	38	-25	45
1.404	702	-20	51	-26	57
1.406	703	-16	64	-27	61
1.408	704	-12	74	-27	59
1.41	705	-8	87	-28	74
1.412	706	-3	100	-28	62
1.414	707	0	106	-28	69
1.416	708	5	118	-28	74
1.418	709	9	124	-27	71
1.42	710	14	133	-26	65
1.422	711	18	139	-25	76
1.424	712	22	145	-24	72
1.426	713	26	151	-23	82
1.428	714	30	154	-21	80
1.43	715	33	154	-19	72
1.432	716	36	154	-17	67
1.434	717	39	154	-15	65
1.436	718	42	152	-12	54
1.438	719	44	150	-10	42
1.44	720	46	145	-7	32
1.442	721	48	140	-4	25
1.444	722	49	132	-1	26
1.446	723	50	124	2	20
1.448	724	50	113	5	6
1.45	725	50	103	8	5
1.452	726	49	90	11	-9
1.454	727	49	77	15	-19
1.456	728	47	61	18	-25
1.458	729	46	48	21	-33
1.46	730	44	33	24	-41
1.462	731	41	15	27	-26
1.464	732	38	0	29	-40
1.466	733	35	-14	31	-32
1.468	734	32	-31	34	-29
1.47	735	28	-47	36	-28
1.472	736	24	-63	38	-54
1.474	737	20	-79	40	-39
1.476	738	16	-92	41	-40
1.478	739	11	-108	42	-34
1.48	740	7	-121	43	-32
1.482	741	2	-133	43	-28
1.484	742	-2	-145	44	-37
1.486	743	-6	-154	44	-23
1.488	744	-11	-163	43	-33
1.49	745	-15	-172	43	-41
1.492	746	-20	-181	42	-44
1.494	747	-24	-187	41	-54
1.496	748	-28	-190	39	-53
1.498	749	-32	-193	37	-50
1.5	750	-35	-193	35	-56
1.502	751	-38	-193	33	-52
1.504	752	-41	-190	30	-48
1.506	753	-43	-184	27	-48
1.508	754	-45	-179	24	-48
1.51	755	-47	-174	21	-47
1.512	756	-48	-163	17	-54
1.514	757	-49	-155	14	-44
1.516	758	-49	-144	11	-34
1.518	759	-49	-131	7	-31
1.52	760	-48	-115	3	-12
1.522	761	-47	-102	0	1
1.524	762	-46	-86	-4	10
1.526	763	-44	-70	-7	23
1.528	764	-41	-49	-11	32
1.53	765	-38	-31	-14	30
1.532	766	-35	-13	-17	43
1.534	767	-32	4	-20	42
1.536	768	-28	23	-23	57
1.538	769	-24	42	-26	64
1.54	770	-20	58	-28	62
1.542	771	-15	77	-30	68
1.544	772	-11	93	-32	70
1.546	773	-6	108	-33	62
1.548	774	-1	126	-35	60
1.55	775	3	138	-36	67
1.552	776	8	150	-36	47
1.554	777	13	165	-37	50
1.556	778	17	174	-37	39
1.558	779	22	186	-37	32
1.56	780	26	192	-36	37
1.562	781	30	198	-35	38
1.564	782	34	200	-34	25
1.566	783	37	200	-32	28
1.568	784	40	200	-30	26
1.57	785	43	200	-28	17
1.572	786	45	197	-26	18
1.574	787	47	191	-23	14
1.576	788	49	188	-21	8
1.578	789	50	180	-18	17
1.58	790	50	169	-15	10
1.582	791	50	158	-12	10
1.584	792	49	144	-9	13
1.586	793	48	130	-6	9
1.588	794	47	114	-2	21
1.59	795	45	98	1	-27
1.592	796	42	79	4	-13
1.594	797	39	57	8	-11
1.596	798	36	39	11	-1
1.598	799	33	24	13	-21
1.6	800	29	3	16	-12
1.602	801	24	-19	19	-40
1.604	802	20	-35	21	-32
1.606	803	15	-54	23	-35
1.608	804	10	-73	25	-58
1.61	805	5	-89	26	-68
1.612	806	0	-107	28	-68
1.614	807	-4	-119	29	-72
1.616	808	-9	-131	29	-62
1.618	809	-14	-143	29	-74
1.62	810	-19	-155	29	-88
1.622	811	-23	-161	28	-73
1.624	812	-28	-170	27	-74
1.626	813	-32	-176	26	-88
1.628	814	-35	-179	25	-87
1.63	815	-39	-185	24	-91
1.632	816	-42	-185	22	-83
1.634	817	-44	-182	20	-63
1.636	818	-46	-176	17	-64
1.638	819	-48	-173	15	-56
1.64	820	-48	-162	12	-36
1.642	821	-49	-154	9	-30
1.644	822	-49	-143	6	-23
1.646	823	-48	-129	3	-12
1.648	824	-47	-112	-1	-12
1.65	825	-46	-99	-4	5
1.652	826	-43	-80	-7	21
1.654	827	-41	-61	-11	29
1.656	828	-38	-43	-14	36
1.658	829	-34	-22	-17	56
1.66	830	-30	-1	-20	41
1.662	831	-26	19	-23	60
1.664	832	-22	38	-26	50
1.666	833	-17	60	-29	33
1.668	834	-12	79	-31	40
1.67	835	-7	98	-33	42
1.672	836	-1	117	-34	39
1.674	837	3	132	-36	48
1.676	838	8	144	-36	29
1.678	839	13	159	-37	41
1.68	840	18	174	-38	42
1.682	841	23	186	-38	56
1.684	842	28	198	-38	36
1.686	843	32	200	-37	25
1.688	844	36	200	-36	16
1.69	845	39	200	-35	27
1.692	846	42	200	-33	30
1.694	847	45	200	-31	34
1.696	848	47	197	-29	33
1.698	849	49	195	-27	40
1.7	850	50	187	-24	53
1.702	851	50	176	-21	41
1.704	852	50	165	-18	40
1.706	853	49	151	-15	27
1.708	854	48	141	-13	29
1.71	855	46	122	-9	23
1.712	856	44	106	-6	26
1.714	857	41	87	-3	16
1.716	858	37	66	0	-4
1.718	859	34	48	3	3
1.72	860	29	21	7	3
1.722	861	25	3	9	0
1.724	862	20	-19	12	-23
1.726	863	15	-41	15	-30
1.728	864	10	-60	17	-37
1.73	865	4	-82	19	-37
1.732	866	0	-97	21	-47
1.734	867	-5	-115	23	-65
1.736	868	-11	-133	24	-59
1.738	869	-16	-148	25	-54
1.74	870	-21	-160	25	-55
1.742	871	-26	-175	26	-62
1.744	872	-30	-184	26	-68
1.746	873	-34	-192	26	-67
1.748	874	-38	-197	25	-60
1.75	875	-41	-200	24	-56
1.752	876	-44	-200	23	-57
1.754	877	-46	-197	21	-57
1.756	878	-48	-194	19	-41
1.758	879	-49	-188	17	-26
1.76	880	-49	-179	15	-17
1.762	881	-49	-167	12	-21
1.764	882	-48	-156	10	-8
1.766	883	-46	-139	7	-3
1.768	884	-44	-122	4	16
1.77	885	-42	-105	1	19
1.772	886	-39	-86	-2	23
1.774	887	-35	-64	-5	34
1.776	888	-31	-42	-8	45
1.778	889	-27	-21	-11	50
1.78	890	-22	0	-13	45
1.782	891	-17	23	-16	45
1.784	892	-11	45	-18	53
1.786	893	-6	67	-21	64
1.788	894	0	86	-22	44
1.79	895	4	102	-24	46
1.792	896	10	120	-25	41
1.794	897	15	135	-26	40
1.796	898	21	153	-27	52
1.798	899	26	165	-27	50
1.8	900	30	177	-28	39
1.802	901	35	189	-28	48
1.804	902	39	195	-27	52
1.806	903	42	198	-26	49
1.808	904	45	198	-24	48
1.81	905	47	198	-23	44
1.812	906	49	195	-21	40
1.814	907	50	186	-18	56
1.816	908	50	177	-16	51
1.818	909	50	166	-13	51
1.82	910	49	155	-11	50
1.822	911	47	141	-9	47
1.824	912	45	121	-5	45
1.826	913	42	102	-2	41
1.828	914	39	83	1	25
1.83	915	35	61	4	14
1.832	916	31	40	7	18
1.834	917	26	16	10	5
1.836	918	21	-7	13	-5
1.838	919	16	-29	16	-15
1.84	920	10	-54	19	-18
1.842	921	4	-76	21	-27
1.844	922	-1	-95	23	-30
1.846	923	-6	-113	25	-54
1.848	924	-12	-134	27	-56
1.85	925	-18	-152	28	-54
1.852	926	-23	-167	29	-54
1.854	927	-28	-179	29	-58
1.856	928	-32	-191	30	-59
1.858	929	-36	-200	30	-61
1.86	930	-40	-200	30	-52
1.862	931	-43	-200	29	-45
1.864	932	-46	-200	28	-52
1.866	933	-47	-194	26	-49
1.868	934	-49	-194	25	-42
1.87	935	-49	-186	23	-34
1.872	936	-49	-178	21	-22
1.874	937	-48	-164	18	-14
1.876	938	-46	-150	16	-13
1.878	939	-44	-133	13	7
1.88	940	-41	-114	10	18
1.882	941	-38	-95	7	24
1.884	942	-34	-73	4	27
1.886	943	-29	-52	2	27
1.888	944	-24	-28	-1	35
1.89	945	-19	-4	-4	41
1.892	946	-13	18	-6	43
1.894	947	-8	40	-9	45
1.896	948	-2	62	-11	49
1.898	949	3	81	-13	53
1.9	950	9	102	-15	49
1.902	951	15	120	-16	50
1.904	952	21	138	-17	46
1.906	953	26	153	-18	40
1.908	954	31	168	-19	46
1.91	955	35	177	-19	42
1.912	956	39	186	-19	40
1.914	957	43	192	-18	43
1.916	958	46	195	-17	42
1.918	959	48	195	-16	45
1.92	960	49	192	-15	46
1.922	961	50	186	-13	40
1.924	962	50	177	-11	37
1.926	963	49	165	-9	38
1.928	964	48	151	-6	35
1.93	965	46	137	-4	28
1.932	966	43	117	-1	29
1.934	967	39	94	2	22
1.936	968	35	72	5	24
1.938	969	31	53	7	21
1.94	970	26	28	10	7
1.942	971	20	1	13	1
1.944	972	15	-19	15	-10
1.946	973	9	-42	17	-17
1.948	974	3	-67	20	-24
1.95	975	-2	-86	22	-34
1.952	976	-9	-108	23	-50
1.954	977	-14	-127	25	-41
1.956	978	-20	-145	26	-43
1.958	979	-26	-163	27	-43
1.96	980	-31	-175	27	-52
1.962	981	-35	-187	28	-56
1.964	982	-39	-196	28	-56
1.966	983	-42	-200	28	-56
1.968	984	-45	-200	27	-64
1.97	985	-47	-200	26	-63
1.972	986	-48	-194	24	-56
1.974	987	-49	-188	22	-46
1.976	988	-49	-180	20	-39
1.978	989	-48	-169	18	-35
1.98	990	-46	-155	16	-31
1.982	991	-43	-135	13	-20
1.984	992	-40	-116	10	-14
1.986	993	-36	-97	8	-8
1.988	994	-32	-75	5	3
1.99	995	-27	-51	2	10
1.992	996	-22	-27	-1	25
1.994	997	-16	0	-4	31
1.996	998	-10	22	-6	39
1.998	999	-4	47	-9	45
2	1000	2	69	-11	49
2.002	1001	8	91	-13	54
2.004	1002	14	112	-15	57
2.006	1003	20	130	-16	48
2.008	1004	26	148	-17	54
2.01	1005	31	163	-18	56
2.012	1006	35	175	-19	54
2.014	1007	40	187	-19	52
2.016	1008	43	193	-19	51
2.018	1009	46	199	-19	42
2.02	1010	48	199	-18	48
2.022	1011	49	196	-17	38
2.024	1012	50	190	-15	29
2.026	1013	50	181	-13	29
2.028	1014	49	169	-11	27
2.03	1015	47	155	-9	23
2.032	1016	44	138	-7	19
2.034	1017	41	118	-4	16
2.036	1018	37	98	-2	8
2.038	1019	32	73	1	2
2.04	1020	27	51	3	-6
2.042	1021	21	24	6	-11
2.044	1022	15	0	8	-15
2.046	1023	9	-26	11	-22
2.048	1024	3	-48	13	-35
2.05	1025	-3	-70	15	-27
2.052	1026	-9	-92	17	-27
2.054	1027	-15	-111	18	-26
2.056	1028	-21	-133	20	-31
2.058	1029	-27	-151	21	-36
2.06	1030	-32	-163	21	-42
2.062	1031	-36	-175	22	-45
2.064	1032	-40	-184	22	-44
2.066	1033	-44	-193	22	-53
2.068	1034	-46	-193	21	-49
2.07	1035	-48	-193	20	-48
2.072	1036	-49	-190	19	-44
2.074	1037	-49	-181	17	-40
2.076	1038	-48	-170	15	-42
2.078	1039	-46	-156	13	-39
2.08	1040	-44	-142	11	-35
2.082	1041	-41	-122	8	-31
2.084	1042	-37	-103	6	-29
2.086	1043	-32	-78	3	-23
2.088	1044	-27	-53	0	-15
2.09	1045	-21	-29	-2	0
2.092	1046	-15	-2	-5	11
2.094	1047	-9	21	-7	21
2.096	1048	-3	46	-10	28
2.098	1049	3	68	-12	33
2.1	1050	10	93	-14	40
2.102	1051	16	112	-15	46
2.104	1052	22	133	-17	47
2.106	1053	28	151	-18	55
2.108	1054	33	166	-19	57
2.11	1055	38	178	-19	65
2.112	1056	42	187	-19	66
2.114	1057	45	193	-19	65
2.116	1058	47	193	-18	60
2.118	1059	49	193	-17	59
2.12	1060	50	190	-16	50
2.122	1061	50	184	-15	44
2.124	1062	49	172	-13	34
2.126	1063	47	158	-11	33
2.128	1064	44	141	-9	23
2.13	1065	41	124	-7	26
2.132	1066	37	104	-5	8
2.134	1067	32	79	-2	5
2.136	1068	26	51	1	-9
2.138	1069	20	27	3	-15
2.14	1070	14	0	6	-23
2.142	1071	7	-26	8	-28
2.144	1072	1	-48	10	-40
2.146	1073	-5	-70	12	-32
2.148	1074	-12	-95	14	-34
2.15	1075	-18	-117	16	-37
2.152	1076	-24	-135	17	-39
2.154	1077	-30	-153	18	-48
2.156	1078	-35	-165	18	-44
2.158	1079	-39	-177	19	-46
2.16	1080	-43	-186	19	-50
2.162	1081	-46	-192	19	-45
2.164	1082	-48	-192	18	-42
2.166	1083	-49	-189	17	-37
2.168	1084	-49	-180	15	-30
2.17	1085	-48	-171	14	-33
2.172	1086	-47	-160	12	-29
2.174	1087	-44	-143	10	-25
2.176	1088	-41	-126	8	-16
2.178	1089	-36	-103	6	-13
2.18	1090	-32	-84	4	-6
2.182	1091	-26	-56	1	0
2.184	1092	-20	-32	-1	9
2.186	1093	-14	-5	-4	14
2.188	1094	-7	21	-6	19
2.19	1095	0	46	-8	23
2.192	1096	6	68	-10	28
2.194	1097	12	90	-12	34
2.196	1098	19	115	-14	39
2.198	1099	25	133	-15	42
2.2	1100	31	151	-16	44
2.202	1101	36	166	-17	48
2.204	1102	40	175	-17	46
2.206	1103	44	184	-17	53
2.208	1104	47	187	-16	52
2.21	1105	49	190	-16	55
2.212	1106	50	187	-15	54
2.214	1107	50	181	-14	53
2.216	1108	49	169	-12	47
2.218	1109	47	155	-10	42
2.22	1110	44	138	-8	39
2.222	1111	41	121	-6	33
2.224	1112	36	98	-4	26
2.226	1113	31	76	-2	20
2.228	1114	25	48	1	7
2.23	1115	19	24	3	5
2.232	1116	12	-2	5	-5
2.234	1117	5	-31	8	-9
2.236	1118	-1	-53	10	-22
2.238	1119	-8	-78	12	-23
2.24	1120	-15	-103	14	-36
2.242	1121	-21	-122	15	-31
2.244	1122	-27	-140	16	-40
2.246	1123	-33	-158	17	-47
2.248	1124	-38	-173	18	-53
2.25	1125	-42	-182	18	-54
2.252	1126	-45	-188	18	-54
2.254	1127	-47	-191	18	-52
2.256	1128	-49	-191	17	-53
2.258	1129	-49	-185	16	-48
2.26	1130	-48	-176	15	-43
2.262	1131	-47	-164	13	-34
2.264	1132	-44	-147	11	-32
2.266	1133	-41	-130	9	-27
2.268	1134	-36	-107	7	-23
2.27	1135	-31	-85	5	-9
2.272	1136	-25	-60	3	-2
2.274	1137	-19	-35	1	9
2.276	1138	-12	-5	-2	23
2.278	1139	-5	21	-4	29
2.28	1140	1	43	-6	42
2.282	1141	8	68	-8	44
2.284	1142	15	93	-10	48
2.286	1143	22	118	-12	54
2.288	1144	28	136	-13	52
2.29	1145	33	151	-14	59
2.292	1146	38	166	-15	51
2.294	1147	43	178	-15	52
2.296	1148	46	184	-15	58
2.298	1149	48	187	-15	61
2.3	1150	50	187	-14	54
2.302	1151	50	181	-13	61
2.304	1152	49	172	-12	45
2.306	1153	47	158	-10	42
2.308	1154	45	147	-9	39
2.31	1155	41	127	-7	25
2.312	1156	36	101	-4	14
2.314	1157	31	79	-2	16
2.316	1158	25	54	0	4
2.318	1159	19	26	3	8
2.32	1160	12	0	5	-11
2.322	1161	4	-29	7	-13
2.324	1162	-2	-54	10	-13
2.326	1163	-9	-76	11	-23
2.328	1164	-16	-101	13	-26
2.33	1165	-23	-126	15	-40
2.332	1166	-29	-144	16	-44
2.334	1167	-35	-162	17	-52
2.336	1168	-39	-171	17	-41
2.338	1169	-43	-180	17	-49
2.34	1170	-46	-186	17	-46
2.342	1171	-48	-186	16	-41
2.344	1172	-49	-186	16	-41
2.346	1173	-49	-180	15	-35
2.348	1174	-47	-165	13	-42
2.35	1175	-45	-154	12	-42
2.352	1176	-42	-137	10	-34
2.354	1177	-37	-114	8	-26
2.356	1178	-32	-92	6	-15
2.358	1179	-26	-67	4	-10
2.36	1180	-20	-42	2	2
2.362	1181	-13	-12	-1	13
2.364	1182	-6	14	-3	25
2.366	1183	1	40	-5	21
2.368	1184	8	65	-7	30
2.37	1185	15	90	-9	31
2.372	1186	22	112	-10	42
2.374	1187	29	136	-12	48
2.376	1188	34	151	-13	53
2.378	1189	39	163	-13	50
2.38	1190	44	175	-13	42
2.382	1191	47	181	-13	67
2.384	1192	49	184	-13	61
2.386	1193	50	181	-12	60
2.388	1194	50	175	-11	52
2.39	1195	49	166	-10	47
2.392	1196	46	149	-8	45
2.394	1197	43	135	-7	47
2.396	1198	39	115	-5	25
2.398	1199	33	90	-3	24
2.4	1200	28	68	-1	15
2.402	1201	21	40	1	10
2.404	1202	14	13	3	2
2.406	1203	6	-19	6	-7
2.408	1204	0	-42	8	-26
2.41	1205	-8	-67	9	-22
2.412	1206	-15	-89	10	-31
2.414	1207	-22	-114	12	-32
2.416	1208	-28	-132	13	-46
2.418	1209	-34	-150	14	-44
2.42	1210	-39	-162	14	-48
2.422	1211	-43	-174	15	-51
2.424	1212	-46	-180	15	-57
2.426	1213	-48	-183	15	-58
2.428	1214	-49	-180	14	-56
2.43	1215	-49	-174	13	-40
2.432	1216	-47	-162	12	-41
2.434	1217	-44	-148	11	-42
2.436	1218	-41	-131	9	-30
2.438	1219	-36	-108	7	-27
2.44	1220	-31	-86	5	-12
2.442	1221	-24	-58	3	-10
2.444	1222	-17	-30	1	-3
2.446	1223	-10	-3	-1	6
2.448	1224	-2	26	-3	22
2.45	1225	4	48	-5	30
2.452	1226	12	76	-7	37
2.454	1227	19	101	-9	44
2.456	1228	26	123	-10	45
2.458	1229	32	141	-11	38
2.46	1230	38	159	-12	45
2.462	1231	42	168	-12	57
2.464	1232	46	180	-13	58
2.466	1233	48	183	-13	60
2.468	1234	50	186	-13	64
2.47	1235	50	180	-12	54
2.472	1236	49	171	-11	54
2.474	1237	47	159	-10	44
2.476	1238	43	139	-8	31
2.478	1239	39	122	-7	24
2.48	1240	33	96	-5	18
2.482	1241	27	71	-3	7
2.484	1242	20	43	-1	4
2.486	1243	13	16	1	2
2.488	1244	5	-13	3	-10
2.49	1245	-2	-39	5	-10
2.492	1246	-9	-64	7	-25
2.494	1247	-17	-92	9	-37
2.496	1248	-24	-114	10	-41
2.498	1249	-30	-135	12	-54
2.5	1250	-36	-150	12	-35
2.502	1251	-41	-165	13	-37
2.504	1252	-45	-174	13	-49
2.506	1253	-47	-177	13	-50
2.508	1254	-49	-177	12	-51
2.51	1255	-49	-174	12	-49
2.512	1256	-48	-165	11	-40
2.514	1257	-46	-154	10	-49
2.516	1258	-42	-134	8	-47
2.518	1259	-38	-117	7	-28
2.52	1260	-32	-92	5	-19
2.522	1261	-26	-67	3	-11
2.524	1262	-19	-39	1	-2
2.526	1263	-12	-12	-1	-3
2.528	1264	-4	17	-3	12
2.53	1265	3	43	-5	24
2.532	1266	11	71	-7	22
2.534	1267	19	99	-9	27
2.536	1268	26	121	-10	39
2.538	1269	32	139	-11	48
2.54	1270	38	157	-12	40
2.542	1271	43	169	-12	55
2.544	1272	46	175	-12	56
2.546	1273	49	181	-12	71
2.548	1274	50	178	-11	65
2.55	1275	50	175	-11	60
2.552	1276	48	163	-10	40
2.554	1277	46	152	-9	51
2.556	1278	42	132	-7	41
2.558	1279	37	112	-6	33
2.56	1280	31	87	-4	24
2.562	1281	25	62	-2	11
2.564	1282	17	31	0	15
2.566	1283	10	4	2	8
2.568	1284	2	-25	4	-4
2.57	1285	-5	-50	6	-25
2.572	1286	-13	-75	7	-34
2.574	1287	-21	-103	9	-36
2.576	1288	-28	-125	10	-44
2.578	1289	-34	-143	11	-56
2.58	1290	-39	-158	12	-35
2.582	1291	-44	-170	12	-42
2.584	1292	-47	-176	12	-50
2.586	1293	-48	-176	12	-55
2.588	1294	-49	-173	11	-60
2.59	1295	-48	-164	10	-63
2.592	1296	-46	-153	9	-39
2.594	1297	-43	-139	8	-48
2.596	1298	-38	-119	7	-45
2.598	1299	-33	-96	5	-20
2.6	1300	-26	-68	3	-15
2.602	1301	-19	-40	1	8
2.604	1302	-11	-13	0	9
2.606	1303	-3	16	-2	7
2.608	1304	4	42	-4	17
2.61	1305	12	70	-6	38
2.612	1306	20	98	-8	37
2.614	1307	27	120	-9	44
2.616	1308	34	141	-10	49
2.618	1309	39	156	-11	46
2.62	1310	44	168	-11	63
2.622	1311	47	174	-11	75
2.624	1312	49	177	-11	63
2.626	1313	50	174	-10	65
2.628	1314	49	165	-9	59
2.63	1315	47	154	-8	53
2.632	1316	44	140	-7	44
2.634	1317	40	123	-6	39
2.636	1318	34	97	-4	18
2.638	1319	28	75	-3	25
2.64	1320	21	47	-1	16
2.642	1321	13	17	1	7
2.644	1322	5	-12	3	-5
2.646	1323	-3	-41	5	-14
2.648	1324	-11	-69	7	-30
2.65	1325	-19	-94	8	-33
2.652	1326	-26	-119	10	-36
2.654	1327	-33	-140	11	-45
2.656	1328	-38	-152	11	-41
2.658	1329	-43	-167	12	-56
2.66	1330	-46	-173	12	-59
2.662	1331	-48	-176	12	-55
2.664	1332	-49	-173	11	-56
2.666	1333	-48	-164	10	-51
2.668	1334	-46	-156	10	-46
2.67	1335	-43	-139	8	-40
2.672	1336	-38	-119	7	-31
2.674	1337	-32	-96	6	-20
2.676	1338	-25	-68	4	-16
2.678	1339	-18	-40	2	-3
2.68	1340	-10	-13	1	7
2.682	1341	-2	16	-1	8
2.684	1342	6	45	-3	23
2.686	1343	14	73	-5	34
2.688	1344	22	98	-6	45
2.69	1345	29	123	-8	49
2.692	1346	36	144	-9	60
2.694	1347	41	156	-9	55
2.696	1348	45	168	-10	40
2.698	1349	48	174	-10	68
2.7	1350	50	177	-10	56
2.702	1351	50	171	-9	67
2.704	1352	49	165	-9	62
2.706	1353	46	151	-8	53
2.708	1354	42	131	-6	47
2.71	1355	37	111	-5	51
2.712	1356	30	83	-3	24
2.714	1357	23	55	-1	15
2.716	1358	15	27	0	8
2.718	1359	7	-2	2	-2
2.72	1360	-1	-31	4	-7
2.722	1361	-9	-59	6	-13
2.724	1362	-17	-87	8	-35
2.726	1363	-25	-112	9	-34
2.728	1364	-32	-134	10	-36
2.73	1365	-38	-152	11	-22
2.732	1366	-43	-167	12	-57
2.734	1367	-46	-173	12	-61
2.736	1368	-48	-176	12	-68
2.738	1369	-49	-176	12	-63
2.74	1370	-48	-167	11	-53
2.742	1371	-46	-159	11	-53
2.744	1372	-42	-139	9	-55
2.746	1373	-37	-119	8	-32
2.748	1374	-31	-96	7	-20
2.75	1375	-24	-68	5	-15
2.752	1376	-16	-37	3	-16
2.754	1377	-8	-10	2	-6
2.756	1378	0	19	0	0
2.758	1379	8	48	-2	28
2.76	1380	17	76	-3	28
2.762	1381	24	101	-5	42
2.764	1382	32	126	-6	53
2.766	1383	38	144	-7	66
2.768	1384	43	159	-8	59
2.77	1385	47	168	-8	56
2.772	1386	49	171	-8	62
2.774	1387	50	171	-8	67
2.776	1388	49	165	-8	72
2.778	1389	47	153	-7	68
2.78	1390	44	139	-6	51
2.782	1391	39	116	-4	53
2.784	1392	33	93	-3	50
2.786	1393	26	68	-2	37
2.788	1394	18	37	0	16
2.79	1395	9	4	2	-2
2.792	1396	1	-25	4	-9
2.794	1397	-7	-51	5	-19
2.796	1398	-16	-82	7	-24
2.798	1399	-24	-107	8	-46
2.8	1400	-31	-129	9	-48
2.802	1401	-37	-147	10	-29
2.804	1402	-42	-162	11	-44
2.806	1403	-46	-171	11	-56
2.808	1404	-48	-174	11	-77
2.81	1405	-49	-171	10	-78
2.812	1406	-48	-165	10	-72
2.814	1407	-46	-154	9	-53
2.816	1408	-42	-137	8	-57
2.818	1409	-37	-117	7	-52
2.82	1410	-31	-91	5	-25
2.822	1411	-23	-63	4	-11
2.824	1412	-15	-32	2	3
2.826	1413	-7	-5	1	-1
2.828	1414	1	24	-1	1
2.83	1415	10	55	-3	20
2.832	1416	19	83	-4	41
2.834	1417	27	108	-5	49
2.836	1418	34	130	-6	56
2.838	1419	40	148	-7	65
2.84	1420	44	157	-7	60
2.842	1421	48	166	-7	89
2.844	1422	50	169	-7	76
2.846	1423	50	166	-7	70
2.848	1424	49	157	-6	67
2.85	1425	46	143	-5	62
2.852	1426	41	123	-4	54
2.854	1427	36	103	-3	46
2.856	1428	29	75	-1	31
2.858	1429	21	47	0	22
2.86	1430	13	16	2	24
2.862	1431	4	-13	3	-2
2.864	1432	-4	-42	5	-19
2.866	1433	-13	-73	7	-30
2.868	1434	-21	-98	8	-49
2.87	1435	-29	-123	9	-54
2.872	1436	-36	-144	10	-31
2.874	1437	-41	-156	10	-58
2.876	1438	-45	-168	11	-67
2.878	1439	-48	-174	11	-63
2.88	1440	-49	-174	11	-66
2.882	1441	-48	-168	11	-74
2.884	1442	-46	-156	10	-55
2.886	1443	-42	-139	9	-73
2.888	1444	-37	-119	8	-52
2.89	1445	-31	-93	6	-19
2.892	1446	-23	-65	5	-26
2.894	1447	-15	-34	3	-5
2.896	1448	-6	-4	2	2
2.898	1449	2	25	0	14
2.9	1450	11	56	-2	25
2.902	1451	20	84	-3	43
2.904	1452	28	112	-5	42
2.906	1453	35	133	-6	60
2.908	1454	41	148	-6	66
2.91	1455	45	160	-7	59
2.912	1456	48	166	-7	80
2.914	1457	50	169	-7	75
2.916	1458	50	163	-6	80
2.918	1459	48	154	-6	82
2.92	1460	44	137	-5	67
2.922	1461	39	117	-4	49
2.924	1462	33	91	-2	45
2.926	1463	26	66	-1	30
2.928	1464	17	35	0	16
2.93	1465	8	2	2	15
2.932	1466	0	-24	3	-13
2.934	1467	-9	-56	5	-16
2.936	1468	-18	-87	7	-22
2.938	1469	-26	-112	8	-47
2.94	1470	-33	-134	9	-66
2.942	1471	-39	-152	10	-24
2.944	1472	-44	-164	10	-65
2.946	1473	-47	-170	10	-68
2.948	1474	-49	-173	10	-77
2.95	1475	-49	-167	9	-80
2.952	1476	-47	-155	8	-70
2.954	1477	-43	-138	7	-44
2.956	1478	-38	-118	6	-66
2.958	1479	-32	-95	5	-51
2.96	1480	-24	-67	4	-22
2.962	1481	-16	-36	2	-24
2.964	1482	-7	-6	1	1
2.966	1483	1	23	-1	5
2.968	1484	10	55	-3	6
2.97	1485	19	83	-4	35
2.972	1486	28	114	-6	53
2.974	1487	35	135	-7	60
2.976	1488	41	150	-7	70
2.978	1489	46	165	-8	57
2.98	1490	49	171	-8	75
2.982	1491	50	171	-8	88
2.984	1492	50	168	-8	83
2.986	1493	47	153	-7	72
2.988	1494	44	139	-6	80
2.99	1495	38	116	-5	56
2.992	1496	32	93	-4	66
2.994	1497	24	65	-3	37
2.996	1498	15	31	-1	19
2.998	1499	6	1	0	7
3	1500	-3	-31	2	3
3.002	1501	-12	-59	3	-26
3.004	1502	-21	-90	5	-36
3.006	1503	-29	-115	6	-48
3.008	1504	-36	-137	7	-65
3.01	1505	-41	-152	8	-49
3.012	1506	-46	-164	8	-47
3.014	1507	-48	-167	8	-93
3.016	1508	-49	-167	8	-75
3.018	1509	-48	-158	7	-82
3.02	1510	-45	-144	6	-86
3.022	1511	-41	-130	6	-63
3.024	1512	-35	-104	4	-65
3.026	1513	-28	-79	3	-71
3.028	1514	-19	-48	2	-20
3.03	1515	-10	-14	0	-13
3.032	1516	-1	15	-1	0
3.034	1517	8	44	-2	7
3.036	1518	17	75	-4	21
3.038	1519	25	103	-6	32
3.04	1520	33	128	-7	73
3.042	1521	40	146	-7	65
3.044	1522	45	161	-8	52
3.046	1523	48	167	-8	73
3.048	1524	50	170	-8	96
3.05	1525	50	164	-7	101
3.052	1526	48	155	-7	90
3.054	1527	44	138	-6	83
3.056	1528	39	118	-5	61
3.058	1529	32	92	-4	78
3.06	1530	24	64	-3	48
3.062	1531	15	30	-1	11
3.064	1532	6	0	0	3
3.066	1533	-3	-29	1	-5
3.068	1534	-12	-60	3	-3
3.07	1535	-21	-91	5	-36
3.072	1536	-30	-119	6	-53
3.074	1537	-37	-140	7	-73
3.076	1538	-42	-152	7	-81
3.078	1539	-46	-161	7	-39
3.08	1540	-49	-167	7	-97
3.082	1541	-49	-164	7	-86
3.084	1542	-47	-152	6	-108
3.086	1543	-44	-141	6	-78
3.088	1544	-39	-121	5	-76
3.09	1545	-33	-98	4	-56
3.092	1546	-25	-67	2	-73
3.094	1547	-16	-36	1	-43
3.096	1548	-7	-6	0	-2
3.098	1549	2	26	-2	-4
3.1	1550	12	58	-3	15
3.102	1551	21	89	-5	20
3.104	1552	29	114	-6	40
3.106	1553	36	136	-7	90
3.108	1554	42	151	-7	96
3.11	1555	47	166	-8	44
3.112	1556	49	169	-8	85
3.114	1557	50	169	-8	110
3.116	1558	49	163	-8	114
3.118	1559	46	149	-7	101
3.12	1560	41	129	-6	79
3.122	1561	34	103	-5	50
3.124	1562	27	78	-4	91
3.126	1563	18	47	-3	51
3.128	1564	8	13	-2	8
3.13	1565	0	-16	0	-6
3.132	1566	-10	-48	1	-18
3.134	1567	-19	-79	3	-20
3.136	1568	-28	-107	4	-33
3.138	1569	-35	-129	5	-83
3.14	1570	-41	-147	6	-98
3.142	1571	-46	-159	6	-51
3.144	1572	-48	-162	6	-60
3.146	1573	-49	-162	6	-110
3.148	1574	-48	-156	6	-114
3.15	1575	-44	-139	5	-118
3.152	1576	-39	-119	4	-84
3.154	1577	-33	-96	3	-48
3.156	1578	-25	-68	2	-82
3.158	1579	-16	-37	1	-70
3.16	1580	-6	-4	0	-16
3.162	1581	3	25	-1	6
3.164	1582	12	57	-3	29
3.166	1583	22	88	-4	23
3.168	1584	30	113	-5	27
3.17	1585	37	135	-6	76
3.172	1586	43	153	-7	118
3.174	1587	47	162	-7	61
3.176	1588	50	168	-7	83
3.178	1589	50	165	-7	106
3.18	1590	48	153	-6	121
3.182	1591	44	139	-6	135
3.184	1592	39	119	-5	96
3.186	1593	32	93	-4	45
3.188	1594	24	65	-3	76
3.19	1595	15	34	-2	65
3.192	1596	5	-1	0	15
3.194	1597	-4	-30	1	-4
3.196	1598	-14	-61	2	-39
3.198	1599	-23	-92	4	-37
3.2	1600	-32	-120	5	-10
3.202	1601	-38	-138	6	-79
3.204	1602	-44	-153	6	-113
3.206	1603	-47	-159	6	-63
3.208	1604	-49	-162	6	-101
3.21	1605	-48	-156	6	-97
3.212	1606	-46	-145	5	-120
3.214	1607	-42	-131	5	-136
3.216	1608	-36	-108	4	-102
3.218	1609	-28	-80	3	-43
3.22	1610	-19	-49	2	-72
3.222	1611	-10	-18	1	-49
3.224	1612	0	17	-1	-24
3.226	1613	10	49	-2	2
3.228	1614	19	77	-3	42
3.23	1615	28	105	-4	48
3.232	1616	36	130	-5	23
3.234	1617	42	148	-6	93
3.236	1618	47	160	-6	111
3.238	1619	49	163	-6	84
3.24	1620	50	163	-6	132
3.242	1621	48	151	-5	106
3.244	1622	45	140	-5	117
3.246	1623	40	120	-4	150
3.248	1624	33	94	-3	96
3.25	1625	24	63	-2	53
3.252	1626	15	32	-1	77
3.254	1627	5	0	0	26
3.256	1628	-4	-29	1	27
3.258	1629	-14	-63	3	4
3.26	1630	-24	-94	4	-47
3.262	1631	-32	-119	5	-50
3.264	1632	-39	-140	6	-39
3.266	1633	-44	-155	7	-117
3.268	1634	-48	-164	7	-58
3.27	1635	-49	-164	7	-125
3.272	1636	-48	-158	7	-122
3.274	1637	-45	-147	7	-128
3.276	1638	-41	-130	6	-112
3.278	1639	-34	-104	5	-134
3.28	1640	-26	-76	4	-65
3.282	1641	-17	-45	3	-78
3.284	1642	-7	-11	2	-51
3.286	1643	3	21	1	-12
3.288	1644	13	53	0	-16
3.29	1645	22	84	-2	10
3.292	1646	31	112	-3	60
3.294	1647	38	134	-4	51
3.296	1648	44	149	-4	87
3.298	1649	48	158	-4	125
3.3	1650	50	164	-5	91
3.302	1651	50	161	-5	121
3.304	1652	47	146	-4	157
3.306	1653	43	132	-4	129
3.308	1654	36	106	-3	135
3.31	1655	28	78	-2	129
3.312	1656	19	47	-1	59
3.314	1657	9	13	0	95
3.316	1658	0	-16	1	49
3.318	1659	-10	-48	2	3
3.32	1660	-20	-79	3	-1
3.322	1661	-29	-110	5	-33
3.324	1662	-37	-135	6	-57
3.326	1663	-43	-150	6	-57
3.328	1664	-47	-162	7	-143
3.33	1665	-49	-165	7	-75
3.332	1666	-49	-162	7	-117
3.334	1667	-46	-148	6	-128
3.336	1668	-42	-134	6	-165
3.338	1669	-36	-111	5	-125
3.34	1670	-28	-82	4	-144
3.342	1671	-18	-48	3	-67
3.344	1672	-8	-14	2	-82
3.346	1673	1	15	1	-83
3.348	1674	11	47	0	-17
3.35	1675	21	78	-1	7
3.352	1676	30	106	-2	38
3.354	1677	38	131	-3	57
3.356	1678	44	146	-3	61
3.358	1679	48	158	-4	112
3.36	1680	50	161	-4	143
3.362	1681	50	158	-4	112
3.364	1682	47	146	-4	153
3.366	1683	42	126	-3	150
3.368	1684	36	103	-2	155
3.37	1685	28	75	-1	158
3.372	1686	18	41	0	121
3.374	1687	8	7	1	61
3.376	1688	-1	-22	2	85
3.378	1689	-12	-57	3	29
3.38	1690	-22	-85	3	8
3.382	1691	-31	-113	4	-33
3.384	1692	-38	-138	6	-61
3.386	1693	-44	-153	6	-87
3.388	1694	-47	-159	6	-91
3.39	1695	-49	-162	6	-121
3.392	1696	-48	-153	5	-103
3.394	1697	-45	-142	5	-171
3.396	1698	-40	-122	4	-162
3.398	1699	-33	-96	3	-161
3.4	1700	-25	-68	2	-160
3.402	1701	-15	-34	1	-138
3.404	1702	-4	1	0	-84
3.406	1703	5	30	-1	-90
3.408	1704	16	62	-1	-28
3.41	1705	25	90	-2	-13
3.412	1706	34	118	-3	37
3.414	1707	41	140	-4	50
3.416	1708	46	152	-4	93
3.418	1709	49	158	-4	83
3.42	1710	50	158	-4	168
3.422	1711	48	146	-3	104
3.424	1712	45	135	-3	178
3.426	1713	39	112	-2	164
3.428	1714	31	83	-1	192
3.43	1715	22	52	0	171
3.432	1716	12	18	1	169
3.434	1717	1	-17	2	75
3.436	1718	-8	-43	2	93
3.438	1719	-19	-77	3	43
3.44	1720	-28	-105	4	-6
3.442	1721	-36	-127	4	-31
3.444	1722	-42	-145	5	-78
3.446	1723	-47	-157	5	-82
3.448	1724	-49	-163	6	-93
3.45	1725	-49	-160	6	-161
3.452	1726	-46	-146	5	-92
3.454	1727	-41	-126	4	-196
3.456	1728	-34	-103	4	-172
3.458	1729	-26	-75	3	-204
3.46	1730	-16	-41	2	-171
3.462	1731	-6	-7	1	-182
3.464	1732	4	25	0	-90
3.466	1733	15	60	-1	-88
3.468	1734	25	91	-2	-61
3.47	1735	34	116	-2	5
3.472	1736	41	138	-3	38
3.474	1737	46	153	-4	68
3.476	1738	49	159	-4	83
3.478	1739	50	159	-4	104
3.48	1740	48	150	-4	165
3.482	1741	44	133	-3	125
3.484	1742	38	110	-2	200
3.486	1743	30	84	-2	190
3.488	1744	21	53	-1	209
3.49	1745	11	19	0	192
3.492	1746	0	-16	1	182
3.494	1747	-10	-48	2	91
3.496	1748	-20	-79	3	92
3.498	1749	-30	-107	3	19
3.5	1750	-38	-129	3	-14
3.502	1751	-44	-147	4	-47
3.504	1752	-47	-153	4	-91
3.506	1753	-49	-156	4	-111
3.508	1754	-48	-147	3	-118
3.51	1755	-45	-136	3	-174
3.512	1756	-39	-113	2	-110
3.514	1757	-32	-87	1	-223
3.516	1758	-23	-56	0	-210
3.518	1759	-13	-22	-1	-228
3.52	1760	-2	13	-2	-192
3.522	1761	8	42	-2	-199
3.524	1762	19	76	-3	-97
3.526	1763	29	107	-4	-116
3.528	1764	37	129	-4	-31
3.53	1765	43	144	-4	16
3.532	1766	48	156	-4	64
3.534	1767	50	162	-5	89
3.536	1768	49	156	-5	118
3.538	1769	47	145	-4	148
3.54	1770	41	122	-3	169
3.542	1771	34	96	-2	164
3.544	1772	25	65	-1	220
3.546	1773	15	31	0	215
3.548	1774	4	-4	1	213
3.55	1775	-6	-36	2	205
3.552	1776	-17	-67	2	165
3.554	1777	-27	-98	3	98
3.556	1778	-35	-120	3	79
3.558	1779	-42	-139	3	-14
3.56	1780	-47	-151	3	-40
3.562	1781	-49	-154	3	-82
3.564	1782	-49	-151	3	-127
3.566	1783	-46	-137	2	-144
3.568	1784	-41	-117	1	-198
3.57	1785	-34	-91	0	-141
3.572	1786	-25	-60	-1	-185
3.574	1787	-15	-26	-2	-215
3.576	1788	-4	6	-2	-233
3.578	1789	7	41	-3	-222
3.58	1790	18	75	-4	-224
3.582	1791	28	106	-5	-179
3.584	1792	36	128	-5	-116
3.586	1793	43	146	-5	-92
3.588	1794	48	155	-4	10
3.59	1795	50	158	-4	36
3.592	1796	50	155	-4	109
3.594	1797	47	141	-3	128
3.596	1798	41	118	-2	148
3.598	1799	34	95	-2	205
3.6	1800	25	67	-2	170
3.602	1801	15	30	0	213
3.604	1802	4	-5	1	230
3.606	1803	-7	-37	1	227
3.608	1804	-18	-71	2	228
3.61	1805	-28	-102	3	194
3.612	1806	-36	-124	3	121
3.614	1807	-43	-139	2	53
3.616	1808	-47	-148	2	15
3.618	1809	-49	-151	2	-37
3.62	1810	-48	-143	1	-77
3.622	1811	-45	-129	0	-107
3.624	1812	-39	-106	-1	-163
3.626	1813	-32	-80	-2	-167
3.628	1814	-22	-46	-3	-189
3.63	1815	-12	-12	-4	-144
3.632	1816	-1	23	-5	-233
3.634	1817	10	55	-5	-233
3.636	1818	21	89	-6	-234
3.638	1819	30	117	-7	-227
3.64	1820	39	142	-7	-189
3.642	1821	45	157	-7	-120
3.644	1822	49	166	-7	-104
3.646	1823	50	163	-6	13
3.648	1824	49	154	-5	44
3.65	1825	45	140	-5	143
3.652	1826	39	117	-4	128
3.654	1827	30	85	-3	150
3.656	1828	21	54	-2	171
3.658	1829	10	17	-1	194
3.66	1830	-1	-21	1	228
3.662	1831	-12	-56	2	237
3.664	1832	-23	-87	2	210
3.666	1833	-32	-115	3	235
3.668	1834	-40	-137	3	218
3.67	1835	-45	-152	4	120
3.672	1836	-48	-158	4	19
3.674	1837	-49	-155	3	-61
3.676	1838	-47	-143	2	-84
3.678	1839	-42	-123	1	-50
3.68	1840	-35	-100	1	-130
3.682	1841	-26	-69	0	-162
3.684	1842	-15	-32	-1	-165
3.686	1843	-4	3	-2	-211
3.688	1844	6	35	-3	-127
3.69	1845	18	73	-4	-233
3.692	1846	28	104	-5	-233
3.694	1847	37	129	-5	-234
3.696	1848	44	148	-5	-223
3.698	1849	48	157	-5	-198
3.7	1850	50	157	-4	-54
3.702	1851	49	149	-3	-103
3.704	1852	46	135	-2	44
3.706	1853	40	112	-1	143
3.708	1854	32	83	0	115
3.71	1855	22	49	1	153
3.712	1856	11	12	2	121
3.714	1857	0	-23	3	153
3.716	1858	-11	-58	4	215
3.718	1859	-22	-92	5	221
3.72	1860	-32	-120	5	237
3.722	1861	-40	-144	6	214
3.724	1862	-45	-156	6	238
3.726	1863	-48	-162	6	186
3.728	1864	-49	-159	5	85
3.73	1865	-47	-147	4	-28
3.732	1866	-42	-127	3	-77
3.734	1867	-35	-101	2	-51
3.736	1868	-25	-67	1	-103
3.738	1869	-15	-33	0	-87
3.74	1870	-3	8	-2	-120
3.742	1871	7	40	-3	-199
3.744	1872	19	77	-4	-125
3.746	1873	29	108	-5	-167
3.748	1874	38	133	-5	-233
3.75	1875	44	148	-5	-233
3.752	1876	49	160	-5	-234
3.754	1877	50	157	-4	-230
3.756	1878	49	151	-4	-107
3.758	1879	45	134	-3	-50
3.76	1880	38	105	-1	-72
3.762	1881	30	77	0	114
3.764	1882	19	40	1	124
3.766	1883	8	4	2	151
3.768	1884	-3	-34	4	112
3.77	1885	-14	-68	5	77
3.772	1886	-25	-102	6	191
3.774	1887	-34	-130	7	176
3.776	1888	-42	-151	7	230
3.778	1889	-47	-163	7	208
3.78	1890	-49	-166	7	224
3.782	1891	-48	-157	6	203
3.784	1892	-45	-143	5	176
3.786	1893	-39	-120	4	17
3.788	1894	-31	-88	2	-22
3.79	1895	-21	-54	1	-43
3.792	1896	-10	-17	0	-56
3.794	1897	1	18	-1	-100
3.796	1898	13	59	-3	-67
3.798	1899	24	93	-4	-123
3.8	1900	0	22	-5	-122
3.802	1901	0	24	-6	-64
3.804	1902	0	23	-6	-221
3.806	1903	0	22	-6	-216
3.808	1904	0	21	-6	-233
3.81	1905	0	20	-6	-233
3.812	1906	0	19	-6	-121
3.814	1907	0	15	-5	-64
3.816	1908	0	14	-5	-70
3.818	1909	0	10	-4	61
3.82	1910	0	9	-4	87
3.822	1911	0	8	-4	114
3.824	1912	0	10	-5	114
3.826	1913	0	9	-5	56
3.828	1914	0	9	-5	41
3.83	1915	0	6	-4	171
3.832	1916	0	6	-4	130
3.834	1917	0	6	-4	210
3.836	1918	0	6	-4	186
3.838	1919	0	6	-4	220
3.84	1920	0	6	-4	223
3.842	1921	0	6	-4	177
3.844	1922	0	6	-4	66
3.846	1923	0	6	-4	-18
3.848	1924	0	9	-5	9
3.85	1925	0	9	-5	-47
3.852	1926	0	9	-5	-9
3.854	1927	0	6	-4	-74
3.856	1928	0	6	-4	-56
3.858	1929	0	6	-4	-77
3.86	1930	0	6	-4	-88
3.862	1931	0	3	-3	-116
3.864	1932	0	3	-3	-223
3.866	1933	0	0	-2	-216
3.868	1934	0	0	-2	-202
3.87	1935	0	-2	-1	-174
3.872	1936	0	-1	-1	-123
3.874	1937	0	-3	0	-54
3.876	1938	0	-2	0	-40
3.878	1939	0	-4	1	42
3.88	1940	0	-3	1	57
3.882	1941	0	-2	1	64
3.884	1942	0	0	0	55
3.886	1943	0	0	0	65
3.888	1944	0	0	0	87
3.89	1945	0	-2	1	137
3.892	1946	0	-1	1	126
3.894	1947	0	-1	1	191
3.896	1948	0	-1	1	216
3.898	1949	0	-1	1	210
3.9	1950	0	1	0	165
3.902	1951	0	0	0	96
3.904	1952	0	0	0	-6
3.906	1953	0	2	-1	-7
3.908	1954	0	1	-1	-52
3.91	1955	0	1	-1	-70
3.912	1956	0	-1	0	-83
3.914	1957	0	0	0	-76
3.916	1958	0	2	-1	-50
3.918	1959	0	4	-2	-115
3.92	1960	0	3	-2	-99
3.922	1961	0	3	-2	-138
3.924	1962	0	3	-2	-192
3.926	1963	0	0	-1	-188
3.928	1964	0	0	-1	-149
3.93	1965	0	0	-1	-138
3.932	1966	0	0	-1	-42
3.934	1967	0	0	-1	17
3.936	1968	0	-2	0	18
3.938	1969	0	-1	0	90
3.94	1970	0	0	0	57
3.942	1971	0	2	-1	59
3.944	1972	0	1	-1	80
3.946	1973	0	1	-1	78
3.948	1974	0	1	-1	85
3.95	1975	0	1	-1	122
3.952	1976	0	1	-1	174
3.954	1977	0	4	-2	182
3.956	1978	0	3	-2	167
3.958	1979	0	3	-2	115
3.96	1980	0	6	-3	56
3.962	1981	0	5	-3	6
3.964	1982	0	5	-3	-27
3.966	1983	0	8	-4	-89
3.968	1984	0	7	-4	-68
3.97	1985	0	7	-4	-82
3.972	1986	0	7	-4	-55
3.974	1987	0	7	-4	-59
3.976	1988	0	7	-4	-107
3.978	1989	0	7	-4	-104
3.98	1990	0	7	-4	-87
3.982	1991	0	4	-3	-146
3.984	1992	0	4	-3	-146
3.986	1993	0	4	-3	-121
3.988	1994	0	4	-3	-96
3.99	1995	0	1	-2	-17
3.992	1996	0	1	-2	38
3.994	1997	0	1	-2	19
3.996	1998	0	1	-2	78
3.998	1999	0	1	-2	83
