#SLFR RTP OL_Test
#t	n	u	v	$\theta$	a
0	0	0	0	0	2
0.002	1	0	0	0	2
0.004	2	0	0	0	1
0.006	3	0	0	0	2
0.008	4	0	0	0	2
0.01	5	0	0	0	2
0.012	6	0	0	0	2
0.014	7	0	0	0	2
0.016	8	0	0	0	2
0.018	9	0	0	0	2
0.02	10	0	0	0	2
0.022	11	0	0	0	2
0.024	12	0	0	0	2
0.026	13	1	2	0	2
0.028	14	1	1	0	2
0.03	15	1	1	0	2
0.032	16	1	1	0	2
0.034	17	1	1	0	2
0.036	18	1	1	0	1
0.038	19	1	1	0	2
0.04	20	1	1	0	2
0.042	21	1	1	0	2
0.044	22	2	4	0	2
0.046	23	2	3	0	2
0.048	24	2	3	0	2
0.05	25	2	3	0	2
0.052	26	2	3	0	2
0.054	27	2	3	0	2
0.056	28	2	3	0	2
0.058	29	3	6	0	2
0.06	30	3	5	0	2
0.062	31	3	5	0	2
0.064	32	3	5	0	2
0.066	33	3	5	0	2
0.068	34	4	8	0	2
0.07	35	4	7	0	2
0.072	36	4	7	0	2
0.074	37	4	7	0	2
0.076	38	5	10	0	2
0.078	39	5	9	0	2
0.08	40	5	9	0	2
0.082	41	5	9	0	2
0.084	42	6	12	0	2
0.086	43	6	11	0	2
0.088	44	6	11	0	1
0.09	45	6	11	0	1
0.092	46	7	14	0	1
0.094	47	7	13	0	3
0.096	48	7	13	0	1
0.098	49	8	16	0	0
0.1	50	8	13	1	3
0.102	51	8	13	1	5
0.104	52	8	13	1	3
0.106	53	9	16	1	5
0.108	54	9	15	1	2
0.11	55	9	15	1	2
0.112	56	10	15	2	3
0.114	57	10	15	2	0
0.116	58	10	15	2	1
0.118	59	11	18	2	1
0.12	60	11	17	2	1
0.122	61	12	17	3	0
0.124	62	12	17	3	2
0.126	63	12	17	3	-2
0.128	64	13	20	3	-1
0.13	65	13	19	3	-3
0.132	66	14	19	4	-3
0.134	67	14	19	4	-4
0.136	68	14	19	4	-3
0.138	69	15	21	4	-4
0.14	70	15	18	5	-2
0.142	71	16	21	5	-2
0.144	72	16	21	5	-2
0.146	73	16	18	6	-2
0.148	74	17	21	6	-3
0.15	75	17	21	6	-4
0.152	76	18	23	6	-2
0.154	77	18	20	7	-4
0.156	78	19	23	7	-2
0.158	79	19	23	7	-1
0.16	80	20	25	7	-2
0.162	81	20	22	8	-2
0.164	82	21	25	8	-1
0.166	83	21	25	8	-3
0.168	84	21	22	9	-3
0.17	85	22	25	9	-3
0.172	86	22	25	9	-5
0.174	87	23	25	10	-4
0.176	88	23	25	10	-4
0.178	89	24	27	10	-3
0.18	90	24	27	10	-4
0.182	91	25	27	11	-4
0.184	92	25	27	11	-5
0.186	93	26	27	12	-6
0.188	94	26	27	12	-6
0.19	95	27	29	12	-6
0.192	96	27	26	13	-8
0.194	97	28	29	13	-6
0.196	98	28	29	13	-6
0.198	99	29	29	14	-6
0.2	100	29	29	14	-5
0.202	101	30	31	14	-6
0.204	102	30	28	15	-6
0.206	103	31	31	15	-5
0.208	104	31	28	16	-7
0.21	105	32	31	16	-6
0.212	106	32	31	16	-3
0.214	107	33	31	17	-5
0.216	108	33	31	17	-4
0.218	109	34	31	18	-4
0.22	110	34	31	18	-5
0.222	111	35	33	18	-5
0.224	112	35	30	19	-5
0.226	113	36	33	19	-6
0.228	114	36	30	20	-7
0.23	115	37	33	20	-5
0.232	116	37	33	20	-6
0.234	117	38	33	21	-6
0.236	118	38	33	21	-6
0.238	119	39	33	22	-7
0.24	120	39	33	22	-6
0.242	121	40	33	23	-7
0.244	122	40	33	23	-7
0.246	123	41	33	24	-7
0.248	124	41	33	24	-6
0.25	125	42	33	25	-8
0.252	126	42	33	25	-4
0.254	127	42	30	26	-7
0.256	128	43	33	26	-4
0.258	129	43	33	26	-7
0.26	130	44	33	27	-4
0.262	131	44	33	27	-8
0.264	132	44	30	28	-3
0.266	133	45	33	28	-7
0.268	134	45	30	29	-4
0.27	135	46	33	29	-6
0.272	136	46	30	30	-3
0.274	137	46	30	30	-5
0.276	138	47	30	31	-1
0.278	139	47	30	31	-7
0.28	140	47	27	32	-1
0.282	141	47	27	32	-6
0.284	142	48	27	33	-4
0.286	143	48	27	33	-6
0.288	144	48	24	34	-2
0.29	145	48	24	34	-6
0.292	146	49	24	35	-2
0.294	147	49	24	35	-5
0.296	148	49	21	36	-3
0.298	149	49	21	36	-4
0.3	150	49	21	36	-5
0.302	151	50	21	37	-5
0.304	152	50	21	37	-5
0.306	153	50	18	38	-3
0.308	154	50	18	38	-4
0.31	155	50	15	39	-1
0.312	156	50	15	39	-4
0.314	157	50	15	39	0
0.316	158	50	12	40	-3
0.318	159	50	12	40	0
0.32	160	50	9	41	-3
0.322	161	50	9	41	1
0.324	162	50	9	41	-2
0.326	163	50	6	42	3
0.328	164	50	6	42	1
0.33	165	50	6	42	5
0.332	166	49	0	43	1
0.334	167	49	0	43	5
0.336	168	49	0	43	2
0.338	169	49	-2	44	3
0.34	170	48	-4	44	0
0.342	171	48	-3	44	4
0.344	172	48	-2	44	5
0.346	173	48	-1	44	7
0.348	174	47	-6	45	14
0.35	175	47	-5	45	0
0.352	176	46	-7	45	4
0.354	177	46	-6	45	3
0.356	178	46	-5	45	1
0.358	179	45	-7	45	4
0.36	180	45	-9	46	4
0.362	181	44	-11	46	4
0.364	182	44	-10	46	9
0.366	183	43	-12	46	12
0.368	184	42	-14	46	8
0.37	185	42	-13	46	10
0.372	186	41	-15	46	8
0.374	187	40	-17	46	7
0.376	188	40	-16	46	12
0.378	189	39	-18	46	11
0.38	190	38	-20	46	11
0.382	191	38	-19	46	16
0.384	192	37	-21	46	17
0.386	193	36	-23	46	17
0.388	194	35	-25	46	18
0.39	195	34	-27	46	16
0.392	196	33	-29	46	16
0.394	197	32	-31	46	18
0.396	198	31	-33	46	15
0.398	199	30	-35	46	15
0.4	200	29	-37	46	18
0.402	201	28	-36	45	18
0.404	202	27	-38	45	20
0.406	203	26	-40	45	19
0.408	204	25	-42	45	16
0.41	205	24	-44	45	17
0.412	206	23	-46	45	18
0.414	207	22	-48	45	15
0.416	208	20	-50	44	15
0.418	209	19	-52	44	16
0.42	210	18	-54	44	17
0.422	211	17	-56	44	21
0.424	212	16	-55	43	21
0.426	213	14	-60	43	18
0.428	214	13	-62	43	19
0.43	215	12	-61	42	21
0.432	216	10	-66	42	20
0.434	217	9	-68	42	20
0.436	218	8	-67	41	19
0.438	219	6	-72	41	23
0.44	220	5	-71	40	26
0.442	221	4	-73	40	27
0.444	222	2	-75	39	26
0.446	223	1	-77	39	26
0.448	224	0	-76	38	24
0.45	225	-1	-75	37	26
0.452	226	-2	-77	37	25
0.454	227	-4	-79	36	25
0.456	228	-5	-78	35	24
0.458	229	-7	-80	34	27
0.46	230	-8	-82	34	29
0.462	231	-10	-84	33	28
0.464	232	-11	-83	32	27
0.466	233	-12	-83	31	23
0.468	234	-14	-86	30	26
0.47	235	-15	-88	30	26
0.472	236	-17	-90	29	26
0.474	237	-18	-89	28	25
0.476	238	-19	-89	27	28
0.478	239	-21	-92	26	29
0.48	240	-22	-91	25	32
0.482	241	-23	-91	24	28
0.484	242	-25	-94	23	29
0.486	243	-26	-93	22	25
0.488	244	-27	-93	21	33
0.49	245	-29	-96	20	23
0.492	246	-30	-95	19	31
0.494	247	-31	-95	18	27
0.496	248	-32	-95	17	31
0.498	249	-33	-95	16	31
0.5	250	-34	-92	14	34
0.502	251	-36	-95	13	29
0.504	252	-37	-95	12	29
0.506	253	-38	-95	11	31
0.508	254	-39	-95	10	27
0.51	255	-40	-95	9	30
0.512	256	-40	-89	7	28
0.514	257	-41	-89	6	29
0.516	258	-42	-89	5	30
0.518	259	-43	-89	4	28
0.52	260	-44	-89	3	31
0.522	261	-44	-86	2	29
0.524	262	-45	-83	0	25
0.526	263	-46	-83	-1	27
0.528	264	-46	-80	-2	27
0.53	265	-47	-80	-3	26
0.532	266	-47	-77	-4	24
0.534	267	-48	-74	-6	26
0.536	268	-48	-71	-7	26
0.538	269	-48	-68	-8	26
0.54	270	-49	-68	-9	25
0.542	271	-49	-65	-10	27
0.544	272	-49	-62	-11	23
0.546	273	-49	-59	-12	24
0.548	274	-49	-56	-13	21
0.55	275	-49	-53	-14	24
0.552	276	-49	-50	-15	21
0.554	277	-49	-47	-16	22
0.556	278	-48	-41	-17	18
0.558	279	-48	-38	-18	21
0.56	280	-48	-35	-19	19
0.562	281	-47	-29	-20	18
0.564	282	-47	-29	-20	13
0.566	283	-46	-23	-21	14
0.568	284	-46	-21	-22	13
0.57	285	-45	-19	-22	14
0.572	286	-44	-14	-23	9
0.574	287	-44	-12	-24	12
0.576	288	-43	-10	-24	8
0.578	289	-42	-5	-25	9
0.58	290	-41	-3	-25	7
0.582	291	-40	1	-26	4
0.584	292	-39	2	-26	-1
0.586	293	-38	3	-26	0
0.588	294	-37	7	-27	1
0.59	295	-35	11	-27	-2
0.592	296	-34	12	-27	0
0.594	297	-33	16	-28	-4
0.596	298	-31	20	-28	-2
0.598	299	-30	21	-28	-2
0.6	300	-28	28	-29	-8
0.602	301	-27	29	-29	-27
0.604	302	-25	33	-29	-21
0.606	303	-23	37	-29	-15
0.608	304	-22	38	-29	-8
0.61	305	-20	43	-29	-11
0.612	306	-18	47	-29	-9
0.614	307	-17	48	-29	-16
0.616	308	-15	52	-29	-10
0.618	309	-13	56	-29	-19
0.62	310	-11	60	-29	-29
0.622	311	-9	64	-29	-29
0.624	312	-7	68	-29	-32
0.626	313	-5	72	-29	-25
0.628	314	-3	73	-28	-26
0.63	315	-1	78	-28	-28
0.632	316	0	79	-28	-32
0.634	317	2	84	-28	-27
0.636	318	4	85	-27	-35
0.638	319	6	89	-27	-41
0.64	320	8	93	-27	-48
0.642	321	10	97	-27	-51
0.644	322	12	99	-26	-48
0.646	323	14	103	-26	-45
0.648	324	16	107	-26	-49
0.65	325	17	106	-25	-51
0.652	326	19	111	-25	-48
0.654	327	21	112	-24	-47
0.656	328	23	117	-24	-50
0.658	329	25	121	-24	-54
0.66	330	27	122	-23	-60
0.662	331	28	124	-23	-61
0.664	332	30	126	-22	-62
0.666	333	32	130	-22	-55
0.668	334	33	129	-21	-58
0.67	335	35	134	-21	-56
0.672	336	36	133	-20	-54
0.674	337	38	135	-19	-50
0.676	338	39	137	-19	-52
0.678	339	40	136	-18	-55
0.68	340	42	138	-17	-61
0.682	341	43	137	-16	-62
0.684	342	44	139	-16	-57
0.686	343	45	138	-15	-61
0.688	344	46	137	-14	-60
0.69	345	47	136	-13	-58
0.692	346	47	135	-13	-57
0.694	347	48	134	-12	-58
0.696	348	49	133	-11	-57
0.698	349	49	129	-10	-66
0.7	350	49	125	-9	-64
0.702	351	50	124	-8	-65
0.704	352	50	120	-7	-64
0.706	353	50	119	-7	-67
0.708	354	50	115	-6	-68
0.71	355	50	111	-5	-66
0.712	356	50	107	-4	-64
0.714	357	49	100	-3	-60
0.716	358	49	100	-3	-66
0.718	359	48	94	-2	-67
0.72	360	48	91	-1	-67
0.722	361	47	88	-1	-65
0.724	362	46	82	0	-64
0.726	363	45	79	0	-62
0.728	364	44	73	1	-65
0.73	365	43	70	1	-57
0.732	366	42	64	2	-58
0.734	367	41	61	2	-48
0.736	368	40	58	2	-53
0.738	369	38	52	2	-49
0.74	370	37	46	3	-51
0.742	371	35	40	3	-43
0.744	372	33	34	3	-43
0.746	373	31	29	3	-40
0.748	374	30	27	3	-40
0.75	375	28	22	3	-30
0.752	376	26	17	3	-29
0.754	377	24	12	3	-24
0.756	378	21	4	3	-27
0.758	379	19	0	3	-24
0.76	380	17	-4	3	-22
0.762	381	15	-5	2	-17
0.764	382	12	-12	2	-18
0.766	383	10	-16	2	-17
0.768	384	8	-17	1	-13
0.77	385	5	-24	1	-8
0.772	386	3	-28	1	-8
0.774	387	0	-32	0	-8
0.776	388	-1	-33	0	-10
0.778	389	-3	-34	-1	-5
0.78	390	-6	-41	-1	-6
0.782	391	-8	-42	-2	-4
0.784	392	-11	-49	-2	-2
0.786	393	-13	-53	-2	2
0.788	394	-15	-54	-3	5
0.79	395	-18	-61	-3	4
0.792	396	-20	-62	-4	3
0.794	397	-22	-63	-5	42
0.796	398	-24	-67	-5	18
0.798	399	-27	-71	-6	23
0.8	400	-29	-72	-7	18
0.802	401	-31	-76	-7	17
0.804	402	-32	-74	-8	22
0.806	403	-34	-75	-9	36
0.808	404	-36	-76	-10	28
0.81	405	-38	-80	-10	32
0.812	406	-39	-79	-11	51
0.814	407	-41	-84	-11	41
0.816	408	-42	-83	-12	44
0.818	409	-43	-82	-13	46
0.82	410	-44	-84	-13	45
0.822	411	-45	-83	-14	50
0.824	412	-46	-85	-14	53
0.826	413	-47	-84	-15	47
0.828	414	-48	-86	-15	53
0.83	415	-48	-85	-15	66
0.832	416	-49	-87	-15	65
0.834	417	-49	-86	-15	66
0.836	418	-49	-82	-16	76
0.838	419	-49	-81	-16	75
0.84	420	-49	-80	-16	77
0.842	421	-48	-76	-16	82
0.844	422	-48	-72	-17	74
0.846	423	-47	-68	-17	66
0.848	424	-47	-67	-17	69
0.85	425	-46	-63	-17	69
0.852	426	-45	-59	-17	72
0.854	427	-44	-55	-17	75
0.856	428	-42	-48	-17	78
0.858	429	-41	-45	-17	83
0.86	430	-39	-39	-17	85
0.862	431	-38	-36	-17	85
0.864	432	-36	-33	-16	81
0.866	433	-34	-27	-16	78
0.868	434	-32	-21	-16	76
0.87	435	-30	-18	-15	76
0.872	436	-28	-12	-15	78
0.874	437	-26	-9	-14	78
0.876	438	-23	-3	-13	79
0.878	439	-21	2	-13	84
0.88	440	-18	7	-12	87
0.882	441	-16	9	-11	84
0.884	442	-13	14	-10	84
0.886	443	-10	19	-9	79
0.888	444	-8	21	-8	77
0.89	445	-5	26	-7	74
0.892	446	-2	28	-5	71
0.894	447	0	30	-4	64
0.896	448	3	35	-3	71
0.898	449	5	34	-1	67
0.9	450	8	36	1	65
0.902	451	11	41	2	66
0.904	452	14	43	4	63
0.906	453	16	42	6	54
0.908	454	19	44	8	49
0.91	455	22	49	9	43
0.912	456	24	48	11	33
0.914	457	27	50	13	33
0.916	458	29	49	15	30
0.918	459	31	48	17	28
0.92	460	34	47	20	24
0.922	461	36	46	22	26
0.924	462	38	45	24	15
0.926	463	39	41	26	14
0.928	464	41	40	28	6
0.93	465	43	39	30	2
0.932	466	44	35	32	-1
0.934	467	46	34	34	4
0.936	468	47	30	36	0
0.938	469	48	26	38	-3
0.94	470	48	19	40	0
0.942	471	49	15	42	-1
0.944	472	50	14	43	0
0.946	473	50	8	45	-7
0.948	474	50	5	46	-13
0.95	475	50	2	47	-19
0.952	476	50	-3	49	-13
0.954	477	49	-8	50	-7
0.956	478	49	-10	51	-38
0.958	479	48	-15	52	-27
0.96	480	47	-17	52	-23
0.962	481	46	-22	53	-20
0.964	482	45	-27	54	-25
0.966	483	43	-32	54	-34
0.968	484	42	-34	54	-44
0.97	485	40	-39	54	-34
0.972	486	38	-44	54	-39
0.974	487	36	-49	54	-51
0.976	488	34	-51	53	-47
0.978	489	31	-59	53	-52
0.98	490	29	-61	52	-44
0.982	491	26	-69	52	-40
0.984	492	24	-71	51	-49
0.986	493	21	-76	50	-49
0.988	494	18	-81	49	-43
0.99	495	15	-86	48	-44
0.992	496	12	-91	47	-44
0.994	497	9	-93	45	-45
0.996	498	6	-98	44	-46
0.998	499	3	-100	42	-33
1	500	0	-102	40	-48
1.002	501	-3	-104	38	-39
1.004	502	-6	-106	36	-29
1.006	503	-9	-108	34	-29
1.008	504	-12	-110	32	-26
1.01	505	-15	-109	29	-23
1.012	506	-18	-111	27	-36
1.014	507	-21	-110	24	-24
1.016	508	-24	-112	22	-26
1.018	509	-26	-108	19	-24
1.02	510	-29	-107	16	-22
1.022	511	-31	-106	14	-13
1.024	512	-34	-105	11	-9
1.026	513	-36	-101	8	-15
1.028	514	-38	-97	5	-14
1.03	515	-40	-93	2	-18
1.032	516	-42	-89	-1	-2
1.034	517	-43	-85	-3	-7
1.036	518	-45	-81	-6	-9
1.038	519	-46	-74	-9	-1
1.04	520	-47	-67	-12	9
1.042	521	-48	-64	-14	9
1.044	522	-48	-55	-17	13
1.046	523	-49	-52	-19	7
1.048	524	-49	-46	-21	8
1.05	525	-49	-37	-24	21
1.052	526	-49	-31	-26	13
1.054	527	-48	-22	-28	21
1.056	528	-47	-13	-30	41
1.058	529	-47	-7	-32	32
1.06	530	-45	4	-34	32
1.062	531	-44	11	-36	31
1.064	532	-43	15	-37	26
1.066	533	-41	22	-38	27
1.068	534	-39	32	-40	35
1.07	535	-37	39	-41	22
1.072	536	-34	49	-42	32
1.074	537	-32	53	-42	37
1.076	538	-29	63	-43	35
1.078	539	-27	67	-43	38
1.08	540	-24	74	-43	32
1.082	541	-21	81	-43	24
1.084	542	-18	88	-43	24
1.086	543	-14	95	-42	21
1.088	544	-11	102	-42	16
1.09	545	-8	106	-41	21
1.092	546	-4	116	-41	19
1.094	547	-1	120	-40	17
1.096	548	1	121	-39	23
1.098	549	5	125	-37	15
1.1	550	8	129	-36	14
1.102	551	12	136	-35	11
1.104	552	15	137	-33	6
1.106	553	18	141	-32	1
1.108	554	21	142	-30	8
1.11	555	25	146	-28	0
1.112	556	28	147	-26	-4
1.114	557	30	145	-24	-9
1.116	558	33	143	-21	-5
1.118	559	36	144	-19	-9
1.12	560	38	142	-17	0
1.122	561	40	137	-14	-10
1.124	562	42	135	-12	-20
1.126	563	44	130	-9	-19
1.128	564	46	128	-7	-21
1.13	565	47	121	-4	-26
1.132	566	48	117	-2	-30
1.134	567	49	110	1	-30
1.136	568	50	106	3	-33
1.138	569	50	99	5	-35
1.14	570	50	92	7	-40
1.142	571	50	82	10	-50
1.144	572	49	72	12	-45
1.146	573	49	66	14	-56
1.148	574	48	57	16	-52
1.15	575	47	51	17	-62
1.152	576	45	39	19	-61
1.154	577	44	33	20	-67
1.156	578	42	21	22	-56
1.158	579	40	12	23	-64
1.16	580	37	0	24	-68
1.162	581	35	-7	25	-73
1.164	582	32	-14	25	-72
1.166	583	29	-24	26	-68
1.168	584	26	-31	26	-73
1.17	585	23	-38	26	-74
1.172	586	20	-45	26	-74
1.174	587	16	-55	26	-66
1.176	588	13	-59	25	-67
1.178	589	9	-66	24	-66
1.18	590	5	-76	24	-67
1.182	591	2	-80	23	-64
1.184	592	-1	-84	22	-60
1.186	593	-5	-91	21	-57
1.188	594	-8	-92	19	-56
1.19	595	-12	-99	18	-54
1.192	596	-16	-103	16	-43
1.194	597	-19	-104	14	-39
1.196	598	-22	-105	12	-32
1.198	599	-26	-109	10	-31
1.2	600	-29	-110	8	-30
1.202	601	-32	-111	6	-23
1.204	602	-35	-109	3	-13
1.206	603	-37	-107	1	-15
1.208	604	-39	-102	-2	-12
1.21	605	-42	-103	-4	-9
1.212	606	-43	-95	-7	3
1.214	607	-45	-94	-9	3
1.216	608	-46	-87	-12	3
1.218	609	-47	-80	-15	6
1.22	610	-48	-76	-17	13
1.222	611	-49	-69	-20	9
1.224	612	-49	-62	-22	12
1.226	613	-49	-55	-24	16
1.228	614	-49	-45	-27	12
1.23	615	-48	-35	-29	22
1.232	616	-47	-26	-31	53
1.234	617	-46	-17	-33	27
1.236	618	-44	-5	-35	34
1.238	619	-42	6	-37	25
1.24	620	-40	14	-38	33
1.242	621	-38	22	-39	33
1.244	622	-35	36	-41	47
1.246	623	-32	43	-41	37
1.248	624	-29	53	-42	48
1.25	625	-26	63	-43	63
1.252	626	-23	70	-43	64
1.254	627	-19	80	-43	65
1.256	628	-16	84	-42	63
1.258	629	-12	94	-42	57
1.26	630	-8	104	-42	72
1.262	631	-4	111	-41	69
1.264	632	0	118	-40	61
1.266	633	3	122	-39	71
1.268	634	7	126	-37	73
1.27	635	11	133	-36	78
1.272	636	15	137	-34	66
1.274	637	18	138	-32	62
1.276	638	22	142	-30	55
1.278	639	26	146	-28	62
1.28	640	29	144	-25	50
1.282	641	32	142	-22	40
1.284	642	35	143	-20	34
1.286	643	38	141	-17	36
1.288	644	40	136	-14	35
1.29	645	43	134	-11	35
1.292	646	45	126	-7	19
1.294	647	46	119	-4	16
1.296	648	48	115	-1	9
1.298	649	49	108	2	5
1.3	650	49	95	6	-3
1.302	651	50	88	9	-10
1.304	652	50	75	13	-14
1.306	653	50	65	16	-2
1.308	654	49	53	19	1
1.31	655	48	41	22	-6
1.312	656	47	29	25	-5
1.314	657	45	14	28	-12
1.316	658	44	2	31	-16
1.318	659	41	-11	33	-16
1.32	660	39	-21	35	-23
1.322	661	36	-37	38	-24
1.324	662	33	-50	40	-12
1.326	663	30	-60	41	-42
1.328	664	26	-76	43	-26
1.33	665	23	-86	44	-20
1.332	666	19	-99	45	-25
1.334	667	15	-112	46	-26
1.336	668	11	-121	46	-28
1.338	669	7	-133	47	-50
1.34	670	3	-142	47	-33
1.342	671	0	-148	47	-39
1.344	672	-5	-157	46	-50
1.346	673	-9	-163	45	-36
1.348	674	-13	-169	44	-43
1.35	675	-17	-175	43	-42
1.352	676	-21	-181	42	-29
1.354	677	-25	-184	40	-36
1.356	678	-28	-184	38	-41
1.358	679	-32	-187	36	-33
1.36	680	-35	-187	34	-29
1.362	681	-38	-184	31	-18
1.364	682	-40	-182	29	-12
1.366	683	-42	-177	26	-20
1.368	684	-44	-172	23	16
1.37	685	-46	-167	20	12
1.372	686	-47	-159	17	19
1.374	687	-48	-151	14	14
1.376	688	-49	-140	10	18
1.378	689	-49	-130	7	22
1.38	690	-49	-120	4	35
1.382	691	-48	-104	0	35
1.384	692	-47	-91	-3	29
1.386	693	-46	-78	-6	47
1.388	694	-44	-63	-9	51
1.39	695	-42	-48	-12	51
1.392	696	-40	-36	-14	53
1.394	697	-37	-18	-17	49
1.396	698	-34	-3	-19	45
1.398	699	-31	10	-21	62
1.4	700	-28	23	-23	50
1.402	701	-24	39	-25	47
1.404	702	-20	52	-26	59
1.406	703	-16	68	-28	62
1.408	704	-12	78	-28	60
1.41	705	-8	91	-29	71
1.412	706	-3	103	-29	58
1.414	707	0	109	-29	61
1.416	708	5	121	-29	73
1.418	709	9	127	-28	63
1.42	710	14	136	-27	63
1.422	711	18	142	-26	68
1.424	712	22	148	-25	71
1.426	713	26	154	-24	73
1.428	714	30	157	-22	83
1.43	715	33	157	-20	64
1.432	716	36	157	-18	61
1.434	717	39	154	-15	61
1.436	718	42	155	-13	48
1.438	719	44	150	-10	41
1.44	720	46	145	-7	32
1.442	721	48	140	-4	22
1.444	722	49	132	-1	21
1.446	723	50	124	2	22
1.448	724	50	113	5	3
1.45	725	50	103	8	-3
1.452	726	49	90	11	-16
1.454	727	49	77	15	-19
1.456	728	47	61	18	-26
1.458	729	46	48	21	-34
1.46	730	44	33	24	-38
1.462	731	41	18	26	-36
1.464	732	38	0	29	-37
1.466	733	35	-14	31	-32
1.468	734	32	-31	34	-34
1.47	735	28	-47	36	-54
1.472	736	24	-63	38	-56
1.474	737	20	-76	39	-38
1.476	738	16	-92	41	-36
1.478	739	11	-108	42	-40
1.48	740	7	-121	43	-37
1.482	741	2	-133	43	-42
1.484	742	-2	-142	43	-30
1.486	743	-6	-148	42	-32
1.488	744	-11	-160	42	-48
1.49	745	-15	-166	41	-53
1.492	746	-20	-175	40	-54
1.494	747	-24	-178	38	-52
1.496	748	-28	-184	37	-54
1.498	749	-32	-187	35	-55
1.5	750	-35	-184	32	-62
1.502	751	-38	-184	30	-48
1.504	752	-41	-181	27	-48
1.506	753	-43	-176	24	-53
1.508	754	-45	-171	21	-54
1.51	755	-47	-166	18	-56
1.512	756	-48	-158	15	-53
1.514	757	-49	-147	11	-39
1.516	758	-49	-136	8	-34
1.518	759	-49	-123	4	-26
1.52	760	-48	-110	1	-18
1.522	761	-47	-94	-3	4
1.524	762	-46	-81	-6	11
1.526	763	-44	-63	-10	12
1.528	764	-41	-45	-13	22
1.53	765	-38	-27	-16	19
1.532	766	-35	-9	-19	41
1.534	767	-32	8	-22	43
1.536	768	-28	27	-25	46
1.538	769	-24	46	-28	56
1.54	770	-20	62	-30	57
1.542	771	-15	81	-32	65
1.544	772	-11	97	-34	64
1.546	773	-6	112	-35	49
1.548	774	-1	127	-36	52
1.55	775	3	139	-37	55
1.552	776	8	154	-38	55
1.554	777	13	166	-38	51
1.556	778	17	175	-38	37
1.558	779	22	184	-37	28
1.56	780	26	190	-36	36
1.562	781	30	196	-35	28
1.564	782	34	200	-34	25
1.566	783	37	200	-32	18
1.568	784	40	200	-31	17
1.57	785	43	197	-28	24
1.572	786	45	194	-26	20
1.574	787	47	188	-23	9
1.576	788	49	185	-21	8
1.578	789	50	177	-18	9
1.58	790	50	166	-15	7
1.582	791	50	155	-12	9
1.584	792	49	141	-9	1
1.586	793	48	127	-6	-2
1.588	794	47	111	-2	-24
1.59	795	45	95	1	1
1.592	796	42	76	4	-12
1.594	797	39	58	7	2
1.596	798	36	40	10	-19
1.598	799	33	22	13	-15
1.6	800	29	1	16	-23
1.602	801	24	-18	18	-30
1.604	802	20	-37	21	-50
1.606	803	15	-56	23	-47
1.608	804	10	-72	24	-59
1.61	805	5	-91	26	-55
1.612	806	0	-106	27	-63
1.614	807	-4	-118	28	-64
1.616	808	-9	-130	28	-70
1.618	809	-14	-142	28	-75
1.62	810	-19	-154	28	-78
1.622	811	-23	-160	27	-82
1.624	812	-28	-169	26	-93
1.626	813	-32	-175	25	-89
1.628	814	-35	-178	24	-84
1.63	815	-39	-181	22	-78
1.632	816	-42	-181	20	-72
1.634	817	-44	-178	18	-72
1.636	818	-46	-175	16	-60
1.638	819	-48	-169	13	-51
1.64	820	-48	-161	11	-36
1.642	821	-49	-153	8	-38
1.644	822	-49	-142	5	-32
1.646	823	-48	-125	1	-18
1.648	824	-47	-111	-2	2
1.65	825	-46	-98	-5	9
1.652	826	-43	-79	-8	20
1.654	827	-41	-60	-12	31
1.656	828	-38	-41	-15	40
1.658	829	-34	-20	-18	48
1.66	830	-30	0	-21	52
1.662	831	-26	20	-24	34
1.664	832	-22	39	-27	45
1.666	833	-17	58	-29	43
1.668	834	-12	80	-32	47
1.67	835	-7	96	-33	47
1.672	836	-1	118	-35	39
1.674	837	3	130	-36	41
1.676	838	8	145	-37	45
1.678	839	13	160	-38	37
1.68	840	18	172	-38	52
1.682	841	23	184	-38	34
1.684	842	28	196	-38	24
1.686	843	32	200	-37	23
1.688	844	36	200	-36	26
1.69	845	39	200	-35	23
1.692	846	42	200	-33	36
1.694	847	45	200	-31	37
1.696	848	47	197	-29	39
1.698	849	49	192	-26	49
1.7	850	50	184	-23	38
1.702	851	50	173	-20	36
1.704	852	50	165	-18	37
1.706	853	49	151	-15	28
1.708	854	48	138	-12	30
1.71	855	46	122	-9	29
1.712	856	44	106	-6	19
1.714	857	41	87	-3	17
1.716	858	37	63	1	18
1.718	859	34	45	4	8
1.72	860	29	21	7	-17
1.722	861	25	1	10	-17
1.724	862	20	-21	13	-22
1.726	863	15	-40	15	-27
1.728	864	10	-62	18	-37
1.73	865	4	-84	20	-44
1.732	866	0	-99	22	-55
1.734	867	-5	-114	23	-44
1.736	868	-11	-135	25	-56
1.738	869	-16	-150	26	-63
1.74	870	-21	-162	26	-67
1.742	871	-26	-177	27	-72
1.744	872	-30	-186	27	-68
1.746	873	-34	-194	27	-58
1.748	874	-38	-199	26	-65
1.75	875	-41	-200	25	-59
1.752	876	-44	-200	23	-50
1.754	877	-46	-200	22	-43
1.756	878	-48	-197	20	-40
1.758	879	-49	-191	18	-37
1.76	880	-49	-179	15	-34
1.762	881	-49	-170	13	-17
1.764	882	-48	-156	10	-7
1.766	883	-46	-139	7	-1
1.768	884	-44	-122	4	13
1.77	885	-42	-105	1	18
1.772	886	-39	-86	-2	34
1.774	887	-35	-64	-5	38
1.776	888	-31	-42	-8	37
1.778	889	-27	-24	-10	38
1.78	890	-22	0	-13	44
1.782	891	-17	23	-16	60
1.784	892	-11	45	-18	45
1.786	893	-6	64	-20	47
1.788	894	0	86	-22	41
1.79	895	4	102	-24	48
1.792	896	10	120	-25	47
1.794	897	15	135	-26	49
1.796	898	21	153	-27	37
1.798	899	26	165	-27	42
1.8	900	30	174	-27	52
1.802	901	35	183	-26	46
1.804	902	39	192	-26	50
1.806	903	42	195	-25	43
1.808	904	45	195	-23	46
1.81	905	47	192	-21	54
1.812	906	49	192	-20	50
1.814	907	50	186	-18	48
1.816	908	50	177	-16	48
1.818	909	50	166	-13	52
1.82	910	49	152	-10	51
1.822	911	47	135	-7	45
1.824	912	45	118	-4	37
1.826	913	42	99	-1	28
1.828	914	39	80	2	30
1.83	915	35	58	5	21
1.832	916	31	37	8	9
1.834	917	26	10	12	-2
1.836	918	21	-10	14	-13
1.838	919	16	-32	17	-12
1.84	920	10	-57	20	-22
1.842	921	4	-79	22	-32
1.844	922	-1	-98	24	-46
1.846	923	-6	-116	26	-46
1.848	924	-12	-137	28	-49
1.85	925	-18	-155	29	-59
1.852	926	-23	-170	30	-60
1.854	927	-28	-182	30	-66
1.856	928	-32	-191	30	-57
1.858	929	-36	-200	30	-56
1.86	930	-40	-200	29	-58
1.862	931	-43	-200	28	-60
1.864	932	-46	-200	27	-53
1.866	933	-47	-197	26	-42
1.868	934	-49	-194	24	-38
1.87	935	-49	-186	22	-31
1.872	936	-49	-178	20	-26
1.874	937	-48	-167	18	-16
1.876	938	-46	-150	15	-5
1.878	939	-44	-133	12	5
1.88	940	-41	-114	9	13
1.882	941	-38	-95	6	16
1.884	942	-34	-76	4	27
1.886	943	-29	-52	1	31
1.888	944	-24	-28	-2	38
1.89	945	-19	-4	-5	33
1.892	946	-13	21	-8	40
1.894	947	-8	40	-10	41
1.896	948	-2	62	-12	45
1.898	949	3	81	-14	46
1.9	950	9	102	-16	44
1.902	951	15	120	-17	40
1.904	952	21	138	-18	47
1.906	953	26	153	-19	43
1.908	954	31	168	-20	41
1.91	955	35	177	-20	38
1.912	956	39	186	-20	40
1.914	957	43	192	-19	40
1.916	958	46	198	-19	46
1.918	959	48	195	-17	40
1.92	960	49	192	-16	39
1.922	961	50	186	-14	41
1.924	962	50	177	-12	43
1.926	963	49	165	-10	37
1.928	964	48	151	-7	34
1.93	965	46	134	-4	26
1.932	966	43	117	-2	29
1.934	967	39	94	1	24
1.936	968	35	72	4	18
1.938	969	31	53	6	10
1.94	970	26	28	9	5
1.942	971	20	1	12	-3
1.944	972	15	-19	14	-14
1.946	973	9	-44	17	-23
1.948	974	3	-66	19	-41
1.95	975	-2	-85	21	-34
1.952	976	-9	-110	23	-41
1.954	977	-14	-126	24	-42
1.956	978	-20	-144	25	-48
1.958	979	-26	-162	26	-53
1.96	980	-31	-174	26	-57
1.962	981	-35	-186	27	-54
1.964	982	-39	-195	27	-65
1.966	983	-42	-198	26	-68
1.968	984	-45	-200	25	-65
1.97	985	-47	-200	24	-59
1.972	986	-48	-197	23	-54
1.974	987	-49	-191	21	-50
1.976	988	-49	-182	19	-47
1.978	989	-48	-168	16	-38
1.98	990	-46	-154	14	-27
1.982	991	-43	-134	11	-23
1.984	992	-40	-114	8	-16
1.986	993	-36	-95	6	-15
1.988	994	-32	-73	3	2
1.99	995	-27	-48	0	11
1.992	996	-22	-24	-3	23
1.994	997	-16	2	-6	32
1.996	998	-10	24	-8	36
1.998	999	-4	49	-11	48
2	1000	2	71	-13	49
2.002	1001	8	93	-15	49
2.004	1002	14	114	-17	48
2.006	1003	20	132	-18	49
2.008	1004	26	153	-20	51
2.01	1005	31	168	-21	54
2.012	1006	35	177	-21	51
2.014	1007	40	189	-21	47
2.016	1008	43	192	-20	50
2.018	1009	46	198	-20	43
2.02	1010	48	198	-19	42
2.022	1011	49	195	-18	33
2.024	1012	50	189	-16	27
2.026	1013	50	180	-14	28
2.028	1014	49	168	-12	24
2.03	1015	47	154	-10	17
2.032	1016	44	137	-8	18
2.034	1017	41	117	-5	10
2.036	1018	37	98	-3	8
2.038	1019	32	73	0	4
2.04	1020	27	51	2	-6
2.042	1021	21	24	5	-11
2.044	1022	15	-2	8	-17
2.046	1023	9	-25	10	-20
2.048	1024	3	-47	12	-38
2.05	1025	-3	-69	14	-28
2.052	1026	-9	-91	16	-33
2.054	1027	-15	-113	18	-24
2.056	1028	-21	-131	19	-34
2.058	1029	-27	-149	20	-38
2.06	1030	-32	-161	20	-49
2.062	1031	-36	-173	21	-45
2.064	1032	-40	-182	21	-49
2.066	1033	-44	-191	21	-55
2.068	1034	-46	-191	20	-56
2.07	1035	-48	-191	19	-54
2.072	1036	-49	-188	18	-48
2.074	1037	-49	-179	16	-42
2.076	1038	-48	-168	14	-41
2.078	1039	-46	-154	12	-38
2.08	1040	-44	-140	10	-36
2.082	1041	-41	-120	7	-31
2.084	1042	-37	-101	5	-32
2.086	1043	-32	-76	2	-28
2.088	1044	-27	-54	0	-15
2.09	1045	-21	-27	-3	-1
2.092	1046	-15	-3	-5	11
2.094	1047	-9	23	-8	24
2.096	1048	-3	45	-10	28
2.098	1049	3	67	-12	32
2.1	1050	10	92	-14	44
2.102	1051	16	114	-16	44
2.104	1052	22	132	-17	49
2.106	1053	28	150	-18	43
2.108	1054	33	165	-19	58
2.11	1055	38	180	-20	63
2.112	1056	42	189	-20	66
2.114	1057	45	195	-20	61
2.116	1058	47	195	-19	58
2.118	1059	49	198	-19	55
2.12	1060	50	192	-17	50
2.122	1061	50	186	-16	39
2.124	1062	49	174	-14	29
2.126	1063	47	160	-12	25
2.128	1064	44	143	-10	24
2.13	1065	41	126	-8	19
2.132	1066	37	103	-5	12
2.134	1067	32	81	-3	-1
2.136	1068	26	53	0	-2
2.138	1069	20	29	2	-16
2.14	1070	14	2	5	-24
2.142	1071	7	-24	7	-37
2.144	1072	1	-49	10	-37
2.146	1073	-5	-71	12	-38
2.148	1074	-12	-93	13	-37
2.15	1075	-18	-115	15	-42
2.152	1076	-24	-133	16	-40
2.154	1077	-30	-151	17	-41
2.156	1078	-35	-166	18	-45
2.158	1079	-39	-175	18	-43
2.16	1080	-43	-184	18	-50
2.162	1081	-46	-187	17	-52
2.164	1082	-48	-190	17	-47
2.166	1083	-49	-184	15	-41
2.168	1084	-49	-178	14	-39
2.17	1085	-48	-169	13	-35
2.172	1086	-47	-158	11	-33
2.174	1087	-44	-141	9	-28
2.176	1088	-41	-124	7	-18
2.178	1089	-36	-101	5	-17
2.18	1090	-32	-79	2	-16
2.182	1091	-26	-54	0	0
2.184	1092	-20	-30	-2	3
2.186	1093	-14	-3	-5	14
2.188	1094	-7	23	-7	17
2.19	1095	0	48	-9	24
2.192	1096	6	70	-11	31
2.194	1097	12	92	-13	35
2.196	1098	19	117	-15	38
2.198	1099	25	135	-16	41
2.2	1100	31	153	-17	39
2.202	1101	36	168	-18	46
2.204	1102	40	177	-18	41
2.206	1103	44	186	-18	49
2.208	1104	47	192	-18	53
2.21	1105	49	192	-17	57
2.212	1106	50	189	-16	54
2.214	1107	50	183	-15	53
2.216	1108	49	174	-14	43
2.218	1109	47	160	-12	42
2.22	1110	44	143	-10	36
2.222	1111	41	126	-8	28
2.224	1112	36	100	-5	18
2.226	1113	31	78	-3	16
2.228	1114	25	50	0	8
2.23	1115	19	26	2	8
2.232	1116	12	-3	5	-10
2.234	1117	5	-29	7	-15
2.236	1118	-1	-51	9	-20
2.238	1119	-8	-76	11	-30
2.24	1120	-15	-101	13	-44
2.242	1121	-21	-123	15	-32
2.244	1122	-27	-141	16	-46
2.246	1123	-33	-159	17	-47
2.248	1124	-38	-171	17	-53
2.25	1125	-42	-183	18	-56
2.252	1126	-45	-189	18	-59
2.254	1127	-47	-192	18	-48
2.256	1128	-49	-192	17	-55
2.258	1129	-49	-186	16	-52
2.26	1130	-48	-177	15	-44
2.262	1131	-47	-165	13	-42
2.264	1132	-44	-148	11	-31
2.266	1133	-41	-134	10	-24
2.268	1134	-36	-108	7	-23
2.27	1135	-31	-86	5	-11
2.272	1136	-25	-61	3	1
2.274	1137	-19	-36	1	8
2.276	1138	-12	-6	-2	18
2.278	1139	-5	20	-4	27
2.28	1140	1	42	-6	30
2.282	1141	8	67	-8	45
2.284	1142	15	92	-10	45
2.286	1143	22	117	-12	50
2.288	1144	28	135	-13	54
2.29	1145	33	150	-14	53
2.292	1146	38	162	-14	54
2.294	1147	43	177	-15	53
2.296	1148	46	183	-15	54
2.298	1149	48	186	-15	56
2.3	1150	50	186	-14	56
2.302	1151	50	180	-13	55
2.304	1152	49	171	-12	45
2.306	1153	47	157	-10	40
2.308	1154	45	146	-9	34
2.31	1155	41	126	-7	25
2.312	1156	36	100	-4	15
2.314	1157	31	78	-2	14
2.316	1158	25	53	0	8
2.318	1159	19	26	3	5
2.32	1160	12	0	5	-7
2.322	1161	4	-29	7	-5
2.324	1162	-2	-51	9	-17
2.326	1163	-9	-76	11	-21
2.328	1164	-16	-101	13	-35
2.33	1165	-23	-123	14	-42
2.332	1166	-29	-141	15	-49
2.334	1167	-35	-159	16	-47
2.336	1168	-39	-171	17	-48
2.338	1169	-43	-180	17	-49
2.34	1170	-46	-186	17	-42
2.342	1171	-48	-186	16	-44
2.344	1172	-49	-186	16	-40
2.346	1173	-49	-180	15	-41
2.348	1174	-47	-165	13	-45
2.35	1175	-45	-154	12	-41
2.352	1176	-42	-137	10	-33
2.354	1177	-37	-114	8	-24
2.356	1178	-32	-92	6	-16
2.358	1179	-26	-67	4	-9
2.36	1180	-20	-42	2	5
2.362	1181	-13	-15	0	15
2.364	1182	-6	11	-2	21
2.366	1183	1	37	-4	21
2.368	1184	8	62	-6	24
2.37	1185	15	87	-8	34
2.372	1186	22	112	-10	40
2.374	1187	29	133	-11	48
2.376	1188	34	148	-12	54
2.378	1189	39	160	-12	46
2.38	1190	44	175	-13	48
2.382	1191	47	181	-13	56
2.384	1192	49	184	-13	58
2.386	1193	50	181	-12	52
2.388	1194	50	175	-11	55
2.39	1195	49	166	-10	44
2.392	1196	46	152	-9	43
2.394	1197	43	135	-7	41
2.396	1198	39	115	-5	28
2.398	1199	33	90	-3	23
2.4	1200	28	68	-1	17
2.402	1201	21	40	1	3
2.404	1202	14	10	4	-2
2.406	1203	6	-19	6	-11
2.408	1204	0	-42	8	-21
2.41	1205	-8	-70	10	-28
2.412	1206	-15	-95	12	-33
2.414	1207	-22	-117	13	-34
2.416	1208	-28	-135	14	-41
2.418	1209	-34	-153	15	-41
2.42	1210	-39	-168	16	-57
2.422	1211	-43	-177	16	-59
2.424	1212	-46	-180	15	-62
2.426	1213	-48	-183	15	-58
2.428	1214	-49	-180	14	-59
2.43	1215	-49	-177	14	-48
2.432	1216	-47	-162	12	-44
2.434	1217	-44	-148	11	-38
2.436	1218	-41	-131	9	-27
2.438	1219	-36	-108	7	-29
2.44	1220	-31	-89	6	-17
2.442	1221	-24	-61	4	-17
2.444	1222	-17	-33	2	-4
2.446	1223	-10	-6	0	1
2.448	1224	-2	23	-2	19
2.45	1225	4	45	-4	29
2.452	1226	12	73	-6	41
2.454	1227	19	98	-8	44
2.456	1228	26	120	-9	50
2.458	1229	32	138	-10	41
2.46	1230	38	156	-11	40
2.462	1231	42	165	-11	57
2.464	1232	46	177	-12	57
2.466	1233	48	180	-12	57
2.468	1234	50	183	-12	62
2.47	1235	50	177	-11	51
2.472	1236	49	168	-10	59
2.474	1237	47	156	-9	48
2.476	1238	43	136	-7	32
2.478	1239	39	116	-5	20
2.48	1240	33	93	-4	17
2.482	1241	27	68	-2	7
2.484	1242	20	40	0	4
2.486	1243	13	13	2	-4
2.488	1244	5	-16	4	-16
2.49	1245	-2	-42	6	-12
2.492	1246	-9	-67	8	-26
2.494	1247	-17	-95	10	-39
2.496	1248	-24	-117	11	-52
2.498	1249	-30	-135	12	-50
2.5	1250	-36	-153	13	-35
2.502	1251	-41	-168	14	-47
2.504	1252	-45	-177	14	-61
2.506	1253	-47	-177	13	-59
2.508	1254	-49	-180	13	-52
2.51	1255	-49	-174	12	-45
2.512	1256	-48	-165	11	-39
2.514	1257	-46	-154	10	-54
2.516	1258	-42	-137	9	-45
2.518	1259	-38	-117	7	-26
2.52	1260	-32	-92	5	-16
2.522	1261	-26	-67	3	-16
2.524	1262	-19	-39	1	-9
2.526	1263	-12	-12	-1	-8
2.528	1264	-4	17	-3	20
2.53	1265	3	43	-5	28
2.532	1266	11	71	-7	23
2.534	1267	19	96	-8	28
2.536	1268	26	121	-10	44
2.538	1269	32	139	-11	51
2.54	1270	38	157	-12	35
2.542	1271	43	169	-12	54
2.544	1272	46	175	-12	49
2.546	1273	49	181	-12	68
2.548	1274	50	178	-11	67
2.55	1275	50	172	-10	52
2.552	1276	48	163	-10	37
2.554	1277	46	149	-8	53
2.556	1278	42	132	-7	40
2.558	1279	37	109	-5	31
2.56	1280	31	87	-4	19
2.562	1281	25	62	-2	7
2.564	1282	17	31	0	8
2.566	1283	10	4	2	11
2.568	1284	2	-25	4	-16
2.57	1285	-5	-50	6	-23
2.572	1286	-13	-78	8	-35
2.574	1287	-21	-103	9	-34
2.576	1288	-28	-128	11	-45
2.578	1289	-34	-146	12	-58
2.58	1290	-39	-158	12	-48
2.582	1291	-44	-173	13	-44
2.584	1292	-47	-179	13	-50
2.586	1293	-48	-179	13	-60
2.588	1294	-49	-176	12	-62
2.59	1295	-48	-170	12	-63
2.592	1296	-46	-156	10	-40
2.594	1297	-43	-142	9	-44
2.596	1298	-38	-122	8	-47
2.598	1299	-33	-99	6	-25
2.6	1300	-26	-71	4	-16
2.602	1301	-19	-43	2	0
2.604	1302	-11	-13	0	4
2.606	1303	-3	16	-2	5
2.608	1304	4	42	-4	12
2.61	1305	12	70	-6	32
2.612	1306	20	95	-7	41
2.614	1307	27	120	-9	40
2.616	1308	34	141	-10	47
2.618	1309	39	153	-10	46
2.62	1310	44	168	-11	59
2.622	1311	47	174	-11	73
2.624	1312	49	174	-10	62
2.626	1313	50	174	-10	61
2.628	1314	49	165	-9	60
2.63	1315	47	154	-8	53
2.632	1316	44	140	-7	50
2.634	1317	40	123	-6	39
2.636	1318	34	97	-4	19
2.638	1319	28	75	-3	26
2.64	1320	21	47	-1	17
2.642	1321	13	17	1	-2
2.644	1322	5	-12	3	-7
2.646	1323	-3	-41	5	-18
2.648	1324	-11	-69	7	-32
2.65	1325	-19	-94	8	-36
2.652	1326	-26	-119	10	-37
2.654	1327	-33	-140	11	-49
2.656	1328	-38	-152	11	-43
2.658	1329	-43	-167	12	-58
2.66	1330	-46	-173	12	-63
2.662	1331	-48	-176	12	-61
2.664	1332	-49	-176	12	-61
2.666	1333	-48	-167	11	-56
2.668	1334	-46	-156	10	-52
2.67	1335	-43	-142	9	-42
2.672	1336	-38	-119	7	-38
2.674	1337	-32	-96	6	-20
2.676	1338	-25	-68	4	-14
2.678	1339	-18	-40	2	-7
2.68	1340	-10	-13	1	-2
2.682	1341	-2	16	-1	8
2.684	1342	6	45	-3	24
2.686	1343	14	73	-5	36
2.688	1344	22	101	-7	44
2.69	1345	29	123	-8	49
2.692	1346	36	144	-9	65
2.694	1347	41	156	-9	49
2.696	1348	45	168	-10	39
2.698	1349	48	174	-10	68
2.7	1350	50	177	-10	61
2.702	1351	50	174	-10	65
2.704	1352	49	165	-9	63
2.706	1353	46	151	-8	44
2.708	1354	42	134	-7	52
2.71	1355	37	111	-5	52
2.712	1356	30	86	-4	21
2.714	1357	23	58	-2	13
2.716	1358	15	27	0	4
2.718	1359	7	-2	2	-10
2.72	1360	-1	-31	4	-11
2.722	1361	-9	-59	6	-18
2.724	1362	-17	-84	7	-38
2.726	1363	-25	-112	9	-37
2.728	1364	-32	-134	10	-29
2.73	1365	-38	-149	10	-41
2.732	1366	-43	-164	11	-57
2.734	1367	-46	-170	11	-67
2.736	1368	-48	-173	11	-72
2.738	1369	-49	-170	10	-63
2.74	1370	-48	-164	10	-54
2.742	1371	-46	-153	9	-59
2.744	1372	-42	-136	8	-52
2.746	1373	-37	-113	6	-29
2.748	1374	-31	-91	5	-25
2.75	1375	-24	-63	3	-11
2.752	1376	-16	-35	2	-20
2.754	1377	-8	-5	0	-13
2.756	1378	0	24	-2	5
2.758	1379	8	50	-3	24
2.76	1380	17	81	-5	24
2.762	1381	24	106	-7	45
2.764	1382	32	131	-8	53
2.766	1383	38	149	-9	73
2.768	1384	43	161	-9	47
2.77	1385	47	170	-9	60
2.772	1386	49	173	-9	55
2.774	1387	50	173	-9	70
2.776	1388	49	164	-8	66
2.778	1389	47	152	-7	63
2.78	1390	44	138	-6	39
2.782	1391	39	118	-5	55
2.784	1392	33	92	-3	45
2.786	1393	26	67	-2	33
2.788	1394	18	36	0	8
2.79	1395	9	3	2	-10
2.792	1396	1	-23	3	-15
2.794	1397	-7	-52	5	-15
2.796	1398	-16	-83	7	-30
2.798	1399	-24	-108	8	-45
2.8	1400	-31	-130	9	-49
2.802	1401	-37	-148	10	-38
2.804	1402	-42	-160	10	-46
2.806	1403	-46	-172	11	-61
2.808	1404	-48	-175	11	-74
2.81	1405	-49	-175	11	-84
2.812	1406	-48	-166	10	-63
2.814	1407	-46	-154	9	-63
2.816	1408	-42	-137	8	-59
2.818	1409	-37	-117	7	-52
2.82	1410	-31	-91	5	-30
2.822	1411	-23	-63	4	-10
2.824	1412	-15	-32	2	-6
2.826	1413	-7	-2	0	-5
2.828	1414	1	24	-1	-2
2.83	1415	10	55	-3	22
2.832	1416	19	86	-5	33
2.834	1417	27	111	-6	49
2.836	1418	34	133	-7	55
2.838	1419	40	151	-8	60
2.84	1420	44	163	-9	57
2.842	1421	48	172	-9	87
2.844	1422	50	175	-9	69
2.846	1423	50	172	-9	74
2.848	1424	49	166	-9	67
2.85	1425	46	152	-8	62
2.852	1426	41	132	-7	52
2.854	1427	36	109	-5	48
2.856	1428	29	84	-4	25
2.858	1429	21	53	-2	30
2.86	1430	13	25	-1	16
2.862	1431	4	-7	1	-5
2.864	1432	-4	-36	3	-18
2.866	1433	-13	-67	5	-29
2.868	1434	-21	-92	6	-47
2.87	1435	-29	-117	7	-49
2.872	1436	-36	-139	8	-37
2.874	1437	-41	-154	9	-62
2.876	1438	-45	-163	9	-71
2.878	1439	-48	-169	9	-69
2.88	1440	-49	-169	9	-72
2.882	1441	-48	-160	8	-73
2.884	1442	-46	-152	8	-62
2.886	1443	-42	-138	8	-71
2.888	1444	-37	-115	6	-51
2.89	1445	-31	-92	5	-31
2.892	1446	-23	-64	4	-31
2.894	1447	-15	-33	2	-11
2.896	1448	-6	-3	1	-5
2.898	1449	2	26	-1	11
2.9	1450	11	57	-3	25
2.902	1451	20	85	-4	35
2.904	1452	28	110	-5	41
2.906	1453	35	129	-5	58
2.908	1454	41	147	-6	57
2.91	1455	45	159	-7	58
2.912	1456	48	165	-7	77
2.914	1457	50	168	-7	78
2.916	1458	50	165	-7	80
2.918	1459	48	153	-6	80
2.92	1460	44	136	-5	61
2.922	1461	39	116	-4	52
2.924	1462	33	93	-3	41
2.926	1463	26	68	-2	27
2.928	1464	17	37	-1	15
2.93	1465	8	4	1	5
2.932	1466	0	-25	3	-11
2.934	1467	-9	-54	4	-16
2.936	1468	-18	-85	6	-26
2.938	1469	-26	-110	7	-55
2.94	1470	-33	-132	8	-60
2.942	1471	-39	-150	9	-35
2.944	1472	-44	-162	9	-72
2.946	1473	-47	-168	9	-76
2.948	1474	-49	-171	9	-81
2.95	1475	-49	-165	8	-81
2.952	1476	-47	-156	8	-70
2.954	1477	-43	-139	7	-49
2.956	1478	-38	-119	6	-67
2.958	1479	-32	-93	4	-45
2.96	1480	-24	-65	3	-22
2.962	1481	-16	-37	2	-25
2.964	1482	-7	-4	0	-3
2.966	1483	1	25	-2	1
2.968	1484	10	54	-3	1
2.97	1485	19	85	-5	41
2.972	1486	28	113	-6	52
2.974	1487	35	135	-7	64
2.976	1488	41	153	-8	64
2.978	1489	46	165	-8	55
2.98	1490	49	171	-8	84
2.982	1491	50	171	-8	88
2.984	1492	50	168	-8	79
2.986	1493	47	153	-7	71
2.988	1494	44	139	-6	71
2.99	1495	38	116	-5	54
2.992	1496	32	93	-4	62
2.994	1497	24	62	-2	32
2.996	1498	15	31	-1	18
2.998	1499	6	-1	1	3
3	1500	-3	-30	2	-5
3.002	1501	-12	-61	4	-27
3.004	1502	-21	-89	5	-35
3.006	1503	-29	-117	7	-56
3.008	1504	-36	-139	8	-72
3.01	1505	-41	-151	8	-27
3.012	1506	-46	-166	9	-64
3.014	1507	-48	-169	9	-84
3.016	1508	-49	-169	9	-92
3.018	1509	-48	-163	9	-79
3.02	1510	-45	-149	8	-84
3.022	1511	-41	-132	7	-55
3.024	1512	-35	-109	6	-81
3.026	1513	-28	-84	5	-63
3.028	1514	-19	-50	3	-13
3.03	1515	-10	-19	2	-17
3.032	1516	-1	10	1	2
3.034	1517	8	42	-1	4
3.036	1518	17	70	-2	16
3.038	1519	25	98	-4	48
3.04	1520	33	123	-5	61
3.042	1521	40	144	-6	65
3.044	1522	45	156	-6	58
3.046	1523	48	165	-7	68
3.048	1524	50	168	-7	100
3.05	1525	50	165	-7	98
3.052	1526	48	153	-6	85
3.054	1527	44	139	-6	79
3.056	1528	39	119	-5	72
3.058	1529	32	93	-4	59
3.06	1530	24	62	-2	51
3.062	1531	15	31	-1	11
3.064	1532	6	1	0	7
3.066	1533	-3	-31	2	-4
3.068	1534	-12	-59	3	-8
3.07	1535	-21	-90	5	-36
3.072	1536	-30	-118	6	-43
3.074	1537	-37	-139	7	-80
3.076	1538	-42	-151	7	-64
3.078	1539	-46	-163	8	-41
3.08	1540	-49	-169	8	-107
3.082	1541	-49	-166	8	-97
3.084	1542	-47	-157	8	-96
3.086	1543	-44	-143	7	-84
3.088	1544	-39	-123	6	-63
3.09	1545	-33	-100	5	-68
3.092	1546	-25	-72	4	-80
3.094	1547	-16	-38	2	-25
3.096	1548	-7	-8	1	-3
3.098	1549	2	21	0	-3
3.1	1550	12	56	-2	3
3.102	1551	21	84	-3	23
3.104	1552	29	112	-5	35
3.106	1553	36	131	-5	90
3.108	1554	42	149	-6	77
3.11	1555	47	161	-6	55
3.112	1556	49	167	-7	65
3.114	1557	50	167	-7	117
3.116	1558	49	161	-7	103
3.118	1559	46	147	-6	98
3.12	1560	41	127	-5	78
3.122	1561	34	101	-4	60
3.124	1562	27	76	-3	80
3.126	1563	18	45	-2	49
3.128	1564	8	9	0	4
3.13	1565	0	-17	1	2
3.132	1566	-10	-49	2	-20
3.134	1567	-19	-80	4	-11
3.136	1568	-28	-108	5	-33
3.138	1569	-35	-130	6	-78
3.14	1570	-41	-148	7	-99
3.142	1571	-46	-160	7	-41
3.144	1572	-48	-163	7	-70
3.146	1573	-49	-163	7	-109
3.148	1574	-48	-154	6	-113
3.15	1575	-44	-140	6	-114
3.152	1576	-39	-120	5	-81
3.154	1577	-33	-97	4	-48
3.156	1578	-25	-69	3	-80
3.158	1579	-16	-38	2	-72
3.16	1580	-6	-5	1	-14
3.162	1581	3	27	-1	2
3.164	1582	12	56	-2	22
3.166	1583	22	87	-3	15
3.168	1584	30	115	-5	18
3.17	1585	37	137	-6	68
3.172	1586	43	152	-6	111
3.174	1587	47	161	-6	62
3.176	1588	50	167	-6	78
3.178	1589	50	164	-6	112
3.18	1590	48	152	-5	121
3.182	1591	44	138	-5	133
3.184	1592	39	118	-4	99
3.186	1593	32	92	-3	46
3.188	1594	24	61	-1	81
3.19	1595	15	30	0	64
3.192	1596	5	-2	1	17
3.194	1597	-4	-31	2	-6
3.196	1598	-14	-65	4	-34
3.198	1599	-23	-93	5	-32
3.2	1600	-32	-121	6	-14
3.202	1601	-38	-140	7	-88
3.204	1602	-44	-155	7	-123
3.206	1603	-47	-164	8	-64
3.208	1604	-49	-167	8	-102
3.21	1605	-48	-161	8	-99
3.212	1606	-46	-150	7	-127
3.214	1607	-42	-136	7	-140
3.216	1608	-36	-113	6	-103
3.218	1609	-28	-84	5	-40
3.22	1610	-19	-53	4	-72
3.222	1611	-10	-19	2	-64
3.224	1612	0	13	1	-26
3.226	1613	10	45	0	-3
3.228	1614	19	76	-2	42
3.23	1615	28	104	-3	40
3.232	1616	36	129	-4	18
3.234	1617	42	147	-5	96
3.236	1618	47	159	-5	122
3.238	1619	49	162	-5	80
3.24	1620	50	162	-5	124
3.242	1621	48	150	-4	107
3.244	1622	45	139	-4	121
3.246	1623	40	119	-3	157
3.248	1624	33	93	-2	93
3.25	1625	24	62	-1	44
3.252	1626	15	31	0	79
3.254	1627	5	-1	1	29
3.256	1628	-4	-30	2	29
3.258	1629	-14	-62	3	-1
3.26	1630	-24	-96	5	-52
3.262	1631	-32	-121	6	-51
3.264	1632	-39	-142	7	-32
3.266	1633	-44	-154	7	-121
3.268	1634	-48	-163	7	-65
3.27	1635	-49	-163	7	-130
3.272	1636	-48	-154	6	-127
3.274	1637	-45	-143	6	-129
3.276	1638	-41	-126	5	-121
3.278	1639	-34	-100	4	-151
3.28	1640	-26	-72	3	-75
3.282	1641	-17	-41	2	-86
3.284	1642	-7	-8	1	-61
3.286	1643	3	24	0	-18
3.288	1644	13	56	-1	-22
3.29	1645	22	87	-3	14
3.292	1646	31	115	-4	53
3.294	1647	38	137	-5	54
3.296	1648	44	152	-5	85
3.298	1649	48	161	-5	128
3.3	1650	50	164	-5	92
3.302	1651	50	161	-5	133
3.304	1652	47	146	-4	152
3.306	1653	43	132	-4	132
3.308	1654	36	106	-3	133
3.31	1655	28	78	-2	135
3.312	1656	19	47	-1	58
3.314	1657	9	13	0	93
3.316	1658	0	-16	1	40
3.318	1659	-10	-48	2	8
3.32	1660	-20	-79	3	-3
3.322	1661	-29	-110	5	-32
3.324	1662	-37	-135	6	-75
3.326	1663	-43	-150	6	-64
3.328	1664	-47	-162	7	-144
3.33	1665	-49	-165	7	-80
3.332	1666	-49	-162	7	-125
3.334	1667	-46	-150	7	-141
3.336	1668	-42	-133	6	-171
3.338	1669	-36	-110	5	-136
3.34	1670	-28	-82	4	-151
3.342	1671	-18	-48	3	-81
3.344	1672	-8	-14	2	-86
3.346	1673	1	15	1	-93
3.348	1674	11	47	0	-16
3.35	1675	21	78	-1	2
3.352	1676	30	106	-2	33
3.354	1677	38	131	-3	58
3.356	1678	44	149	-4	68
3.358	1679	48	158	-4	100
3.36	1680	50	161	-4	150
3.362	1681	50	155	-3	109
3.364	1682	47	144	-3	149
3.366	1683	42	124	-2	159
3.368	1684	36	104	-2	163
3.37	1685	28	76	-1	163
3.372	1686	18	42	0	132
3.374	1687	8	8	1	62
3.376	1688	-1	-21	2	85
3.378	1689	-12	-56	3	28
3.38	1690	-22	-87	4	-5
3.382	1691	-31	-115	5	-36
3.384	1692	-38	-137	6	-72
3.386	1693	-44	-152	6	-92
3.388	1694	-47	-158	6	-93
3.39	1695	-49	-161	6	-133
3.392	1696	-48	-152	5	-106
3.394	1697	-45	-141	5	-182
3.396	1698	-40	-121	4	-171
3.398	1699	-33	-98	4	-170
3.4	1700	-25	-70	3	-169
3.402	1701	-15	-36	2	-148
3.404	1702	-4	0	1	-91
3.406	1703	5	29	0	-94
3.408	1704	16	63	-1	-46
3.41	1705	25	91	-2	-15
3.412	1706	34	119	-3	34
3.414	1707	41	140	-4	57
3.416	1708	46	152	-4	90
3.418	1709	49	158	-4	86
3.42	1710	50	158	-4	163
3.422	1711	48	146	-3	103
3.424	1712	45	135	-3	183
3.426	1713	39	112	-2	173
3.428	1714	31	83	-1	194
3.43	1715	22	52	0	165
3.432	1716	12	18	1	176
3.434	1717	1	-17	2	78
3.436	1718	-8	-43	2	91
3.438	1719	-19	-77	3	37
3.44	1720	-28	-105	4	-6
3.442	1721	-36	-127	4	-29
3.444	1722	-42	-145	5	-69
3.446	1723	-47	-157	5	-83
3.448	1724	-49	-163	6	-92
3.45	1725	-49	-160	6	-163
3.452	1726	-46	-146	5	-101
3.454	1727	-41	-126	4	-201
3.456	1728	-34	-103	4	-187
3.458	1729	-26	-75	3	-219
3.46	1730	-16	-41	2	-184
3.462	1731	-6	-7	1	-177
3.464	1732	4	25	0	-98
3.466	1733	15	60	-1	-112
3.468	1734	25	91	-2	-54
3.47	1735	34	116	-2	-4
3.472	1736	41	138	-3	33
3.474	1737	46	153	-4	65
3.476	1738	49	159	-4	84
3.478	1739	50	159	-4	107
3.48	1740	48	150	-4	178
3.482	1741	44	133	-3	131
3.484	1742	38	110	-2	208
3.486	1743	30	84	-2	195
3.488	1744	21	53	-1	213
3.49	1745	11	19	0	199
3.492	1746	0	-16	1	184
3.494	1747	-10	-48	2	96
3.496	1748	-20	-76	2	85
3.498	1749	-30	-107	3	10
3.5	1750	-38	-129	3	-5
3.502	1751	-44	-144	3	-48
3.504	1752	-47	-153	4	-95
3.506	1753	-49	-153	3	-118
3.508	1754	-48	-147	3	-112
3.51	1755	-45	-133	2	-174
3.512	1756	-39	-113	2	-117
3.514	1757	-32	-87	1	-226
3.516	1758	-23	-56	0	-210
3.518	1759	-13	-22	-1	-229
3.52	1760	-2	13	-2	-205
3.522	1761	8	45	-3	-200
3.524	1762	19	76	-3	-101
3.526	1763	29	107	-4	-112
3.528	1764	37	129	-4	-32
3.53	1765	43	144	-4	15
3.532	1766	48	156	-4	67
3.534	1767	50	162	-5	92
3.536	1768	49	156	-5	115
3.538	1769	47	145	-4	132
3.54	1770	41	122	-3	166
3.542	1771	34	96	-2	170
3.544	1772	25	65	-1	221
3.546	1773	15	31	0	214
3.548	1774	4	-4	1	218
3.55	1775	-6	-33	1	208
3.552	1776	-17	-67	2	177
3.554	1777	-27	-98	3	93
3.556	1778	-35	-120	3	76
3.558	1779	-42	-139	3	-18
3.56	1780	-47	-151	3	-45
3.562	1781	-49	-151	2	-91
3.564	1782	-49	-145	1	-128
3.566	1783	-46	-134	1	-122
3.568	1784	-41	-114	0	-198
3.57	1785	-34	-88	-1	-140
3.572	1786	-25	-57	-2	-190
3.574	1787	-15	-23	-3	-224
3.576	1788	-4	12	-4	-233
3.578	1789	7	44	-4	-230
3.58	1790	18	78	-5	-225
3.582	1791	28	109	-6	-179
3.584	1792	36	131	-6	-117
3.586	1793	43	149	-6	-96
3.588	1794	48	158	-5	10
3.59	1795	50	161	-5	35
3.592	1796	50	158	-5	121
3.594	1797	47	144	-4	127
3.596	1798	41	121	-3	147
3.598	1799	34	95	-2	207
3.6	1800	25	67	-2	168
3.602	1801	15	30	0	202
3.604	1802	4	-5	1	236
3.606	1803	-7	-37	1	230
3.608	1804	-18	-71	2	220
3.61	1805	-28	-102	3	203
3.612	1806	-36	-124	3	110
3.614	1807	-43	-142	3	61
3.616	1808	-47	-148	2	35
3.618	1809	-49	-151	2	-39
3.62	1810	-48	-143	1	-90
3.622	1811	-45	-129	0	-112
3.624	1812	-39	-106	-1	-173
3.626	1813	-32	-80	-2	-184
3.628	1814	-22	-46	-3	-183
3.63	1815	-12	-12	-4	-176
3.632	1816	-1	23	-5	-233
3.634	1817	10	58	-6	-233
3.636	1818	21	89	-6	-233
3.638	1819	30	117	-7	-233
3.64	1820	39	142	-7	-174
3.642	1821	45	157	-7	-120
3.644	1822	49	166	-7	-106
3.646	1823	50	163	-6	-3
3.648	1824	49	157	-6	39
3.65	1825	45	140	-5	124
3.652	1826	39	117	-4	119
3.654	1827	30	85	-3	161
3.656	1828	21	54	-2	158
3.658	1829	10	17	-1	186
3.66	1830	-1	-18	0	237
3.662	1831	-12	-53	1	237
3.664	1832	-23	-84	1	213
3.666	1833	-32	-112	2	234
3.668	1834	-40	-134	2	209
3.67	1835	-45	-146	2	128
3.672	1836	-48	-152	2	37
3.674	1837	-49	-149	1	-71
3.676	1838	-47	-138	0	-88
3.678	1839	-42	-118	-1	-39
3.68	1840	-35	-95	-1	-132
3.682	1841	-26	-64	-2	-145
3.684	1842	-15	-27	-3	-180
3.686	1843	-4	8	-4	-203
3.688	1844	6	40	-5	-127
3.69	1845	18	78	-6	-234
3.692	1846	28	106	-6	-234
3.694	1847	37	134	-7	-233
3.696	1848	44	152	-7	-229
3.698	1849	48	161	-7	-204
3.7	1850	50	164	-7	-58
3.702	1851	49	155	-6	-115
3.704	1852	46	141	-5	19
3.706	1853	40	115	-3	134
3.708	1854	32	89	-3	104
3.71	1855	22	52	-1	148
3.712	1856	11	15	0	148
3.714	1857	0	-20	1	130
3.716	1858	-11	-55	2	212
3.718	1859	-22	-89	3	230
3.72	1860	-32	-120	4	237
3.722	1861	-40	-141	4	200
3.724	1862	-45	-153	4	237
3.726	1863	-48	-159	4	189
3.728	1864	-49	-156	3	92
3.73	1865	-47	-144	2	-17
3.732	1866	-42	-124	1	-88
3.734	1867	-35	-95	-1	-66
3.736	1868	-25	-64	-1	-95
3.738	1869	-15	-27	-3	-91
3.74	1870	-3	11	-4	-142
3.742	1871	7	43	-5	-216
3.744	1872	19	80	-6	-127
3.746	1873	29	111	-7	-133
3.748	1874	38	136	-7	-234
3.75	1875	44	151	-7	-233
3.752	1876	49	163	-7	-233
3.754	1877	50	160	-6	-227
3.756	1878	49	155	-6	-101
3.758	1879	45	138	-5	-50
3.76	1880	38	109	-3	-73
3.762	1881	30	81	-2	120
3.764	1882	19	41	0	142
3.766	1883	8	5	1	158
3.768	1884	-3	-30	2	139
3.77	1885	-14	-64	3	70
3.772	1886	-25	-98	4	171
3.774	1887	-34	-126	5	181
3.776	1888	-42	-150	6	236
3.778	1889	-47	-162	6	215
3.78	1890	-49	-165	6	214
3.782	1891	-48	-159	6	205
3.784	1892	-45	-141	4	171
3.786	1893	-39	-118	3	12
3.788	1894	-31	-89	2	-33
3.79	1895	-21	-52	0	-81
3.792	1896	-10	-15	-1	-52
3.794	1897	1	20	-2	-94
3.796	1898	13	58	-3	-67
3.798	1899	24	95	-5	-176
3.8	1900	0	24	-6	-118
3.802	1901	0	23	-6	-90
3.804	1902	0	22	-6	-217
3.806	1903	0	24	-7	-232
3.808	1904	0	23	-7	-233
3.81	1905	0	22	-7	-233
3.812	1906	0	21	-7	-123
3.814	1907	0	17	-6	-60
3.816	1908	0	16	-6	-58
3.818	1909	0	15	-6	77
3.82	1910	0	11	-5	91
3.822	1911	0	10	-5	118
3.824	1912	0	9	-5	106
3.826	1913	0	9	-5	77
3.828	1914	0	9	-5	74
3.83	1915	0	6	-4	154
3.832	1916	0	6	-4	154
3.834	1917	0	6	-4	221
3.836	1918	0	6	-4	211
3.838	1919	0	6	-4	211
3.84	1920	0	6	-4	212
3.842	1921	0	6	-4	172
3.844	1922	0	9	-5	47
3.846	1923	0	9	-5	-21
3.848	1924	0	9	-5	-11
3.85	1925	0	9	-5	-34
3.852	1926	0	9	-5	-19
3.854	1927	0	6	-4	-65
3.856	1928	0	6	-4	-82
3.858	1929	0	6	-4	-104
3.86	1930	0	6	-4	-58
3.862	1931	0	3	-3	-133
3.864	1932	0	3	-3	-222
3.866	1933	0	0	-2	-222
3.868	1934	0	0	-2	-201
3.87	1935	0	-2	-1	-153
3.872	1936	0	-1	-1	-93
3.874	1937	0	-3	0	-61
3.876	1938	0	-2	0	-22
3.878	1939	0	-4	1	68
3.88	1940	0	-3	1	46
3.882	1941	0	-2	1	63
3.884	1942	0	-1	1	56
3.886	1943	0	-4	2	66
3.888	1944	0	-3	2	118
3.89	1945	0	-3	2	133
3.892	1946	0	-3	2	147
3.894	1947	0	-3	2	182
3.896	1948	0	-3	2	213
3.898	1949	0	-3	2	208
3.9	1950	0	-3	2	151
3.902	1951	0	0	1	68
3.904	1952	0	0	1	-7
3.906	1953	0	0	1	-1
3.908	1954	0	2	0	-47
3.91	1955	0	1	0	-60
3.912	1956	0	0	0	-90
3.914	1957	0	-2	1	-65
3.916	1958	0	-1	1	-56
3.918	1959	0	-1	1	-145
3.92	1960	0	-1	1	-81
3.922	1961	0	-1	1	-177
3.924	1962	0	-1	1	-167
3.926	1963	0	-1	1	-190
3.928	1964	0	-1	1	-131
3.93	1965	0	-4	2	-130
3.932	1966	0	-3	2	-16
3.934	1967	0	-3	2	9
3.936	1968	0	-3	2	32
3.938	1969	0	-6	3	99
3.94	1970	0	-5	3	56
3.942	1971	0	-5	3	61
3.944	1972	0	-5	3	82
3.946	1973	0	-5	3	92
3.948	1974	0	-2	2	113
3.95	1975	0	-2	2	113
3.952	1976	0	-2	2	171
3.954	1977	0	-2	2	195
3.956	1978	0	0	1	161
3.958	1979	0	0	1	107
3.96	1980	0	0	1	38
3.962	1981	0	2	0	-18
3.964	1982	0	1	0	-21
3.966	1983	0	0	0	-74
3.968	1984	0	2	-1	-75
3.97	1985	0	1	-1	-75
3.972	1986	0	-1	0	-63
3.974	1987	0	0	0	-54
3.976	1988	0	0	0	-115
3.978	1989	0	0	0	-72
3.98	1990	0	0	0	-127
3.982	1991	0	0	0	-118
3.984	1992	0	0	0	-144
3.986	1993	0	0	0	-111
3.988	1994	0	0	0	-83
3.99	1995	0	-2	1	6
3.992	1996	0	-1	1	36
3.994	1997	0	-1	1	33
3.996	1998	0	-1	1	81
3.998	1999	0	-1	1	69
