#SLFR RTP OL_Test
#t	n	u	v	$\theta$	a
0	0	0	0	0	4
0.002	1	0	0	0	4
0.004	2	0	0	0	4
0.006	3	0	0	0	4
0.008	4	0	0	0	4
0.01	5	0	0	0	4
0.012	6	0	0	0	4
0.014	7	0	0	0	4
0.016	8	0	0	0	4
0.018	9	0	0	0	4
0.02	10	0	0	0	3
0.022	11	0	0	0	4
0.024	12	0	0	0	4
0.026	13	1	2	0	3
0.028	14	1	1	0	3
0.03	15	1	1	0	3
0.032	16	1	1	0	3
0.034	17	1	1	0	4
0.036	18	1	1	0	2
0.038	19	1	1	0	3
0.04	20	1	1	0	3
0.042	21	1	1	0	3
0.044	22	2	4	0	3
0.046	23	2	3	0	3
0.048	24	2	3	0	3
0.05	25	2	3	0	4
0.052	26	2	3	0	4
0.054	27	2	3	0	4
0.056	28	2	3	0	4
0.058	29	3	6	0	4
0.06	30	3	5	0	4
0.062	31	3	5	0	4
0.064	32	3	5	0	4
0.066	33	3	5	0	4
0.068	34	4	8	0	3
0.07	35	4	7	0	3
0.072	36	4	7	0	4
0.074	37	4	7	0	4
0.076	38	5	10	0	4
0.078	39	5	9	0	4
0.08	40	5	9	0	3
0.082	41	5	9	0	3
0.084	42	6	12	0	3
0.086	43	6	11	0	4
0.088	44	6	8	1	3
0.09	45	6	8	1	2
0.092	46	7	11	1	4
0.094	47	7	11	1	3
0.096	48	7	11	1	3
0.098	49	8	14	1	1
0.1	50	8	13	1	7
0.102	51	8	13	1	4
0.104	52	8	13	1	6
0.106	53	9	13	2	5
0.108	54	9	13	2	3
0.11	55	9	13	2	3
0.112	56	10	16	2	4
0.114	57	10	15	2	1
0.116	58	10	15	2	3
0.118	59	11	15	3	3
0.12	60	11	15	3	2
0.122	61	12	18	3	3
0.124	62	12	17	3	3
0.126	63	12	17	3	-1
0.128	64	13	20	3	2
0.13	65	13	17	4	1
0.132	66	14	20	4	-1
0.134	67	14	19	4	-1
0.136	68	14	19	4	0
0.138	69	15	19	5	-1
0.14	70	15	19	5	1
0.142	71	16	21	5	0
0.144	72	16	21	5	-2
0.146	73	16	18	6	1
0.148	74	17	21	6	0
0.15	75	17	21	6	-1
0.152	76	18	23	6	0
0.154	77	18	20	7	-1
0.156	78	19	23	7	-1
0.158	79	19	23	7	2
0.16	80	20	23	8	0
0.162	81	20	23	8	-1
0.164	82	21	25	8	0
0.166	83	21	22	9	-1
0.168	84	21	22	9	-1
0.17	85	22	25	9	-2
0.172	86	22	25	9	-4
0.174	87	23	25	10	-2
0.176	88	23	25	10	-2
0.178	89	24	27	10	-2
0.18	90	24	24	11	-3
0.182	91	25	27	11	-4
0.184	92	25	27	11	-3
0.186	93	26	27	12	-2
0.188	94	26	27	12	-6
0.19	95	27	29	12	-6
0.192	96	27	26	13	-4
0.194	97	28	29	13	-5
0.196	98	28	26	14	-4
0.198	99	29	29	14	-3
0.2	100	29	29	14	-5
0.202	101	30	29	15	-4
0.204	102	30	29	15	-3
0.206	103	31	31	15	-5
0.208	104	31	28	16	-3
0.21	105	32	31	16	-4
0.212	106	32	28	17	-4
0.214	107	33	31	17	-1
0.216	108	33	31	17	-3
0.218	109	34	31	18	-4
0.22	110	34	31	18	-3
0.222	111	35	31	19	-4
0.224	112	35	31	19	-4
0.226	113	36	33	19	-3
0.228	114	36	30	20	-5
0.23	115	37	33	20	-6
0.232	116	37	30	21	-4
0.234	117	38	33	21	-4
0.236	118	38	33	21	-5
0.238	119	39	33	22	-5
0.24	120	39	33	22	-5
0.242	121	40	33	23	-4
0.244	122	40	33	23	-5
0.246	123	41	33	24	-6
0.248	124	41	33	24	-6
0.25	125	42	33	25	-4
0.252	126	42	33	25	-5
0.254	127	42	30	26	-4
0.256	128	43	33	26	-4
0.258	129	43	30	27	-4
0.26	130	44	33	27	-4
0.262	131	44	33	27	-2
0.264	132	44	30	28	-4
0.266	133	45	33	28	-4
0.268	134	45	30	29	-3
0.27	135	46	33	29	-4
0.272	136	46	30	30	-1
0.274	137	46	30	30	-4
0.276	138	47	30	31	-2
0.278	139	47	30	31	-2
0.28	140	47	27	32	-1
0.282	141	47	27	32	-5
0.284	142	48	27	33	0
0.286	143	48	27	33	-5
0.288	144	48	24	34	0
0.29	145	48	24	34	-5
0.292	146	49	24	35	0
0.294	147	49	24	35	-6
0.296	148	49	21	36	1
0.298	149	49	21	36	-5
0.3	150	49	21	36	1
0.302	151	50	21	37	-5
0.304	152	50	21	37	0
0.306	153	50	18	38	-5
0.308	154	50	18	38	3
0.31	155	50	18	38	-3
0.312	156	50	15	39	2
0.314	157	50	15	39	-2
0.316	158	50	12	40	2
0.318	159	50	12	40	0
0.32	160	50	12	40	4
0.322	161	50	9	41	-1
0.324	162	50	9	41	4
0.326	163	50	9	41	2
0.328	164	50	6	42	5
0.33	165	50	6	42	4
0.332	166	49	3	42	3
0.334	167	49	0	43	4
0.336	168	49	0	43	5
0.338	169	49	0	43	3
0.34	170	48	-5	44	5
0.342	171	48	-4	44	4
0.344	172	48	-3	44	7
0.346	173	48	-2	44	5
0.348	174	47	-7	45	16
0.35	175	47	-6	45	0
0.352	176	46	-8	45	8
0.354	177	46	-7	45	4
0.356	178	46	-6	45	3
0.358	179	45	-8	45	6
0.36	180	45	-7	45	5
0.362	181	44	-9	45	5
0.364	182	44	-11	46	11
0.366	183	43	-13	46	12
0.368	184	42	-15	46	9
0.37	185	42	-14	46	12
0.372	186	41	-16	46	9
0.374	187	40	-18	46	9
0.376	188	40	-17	46	14
0.378	189	39	-19	46	11
0.38	190	38	-21	46	13
0.382	191	38	-20	46	17
0.384	192	37	-22	46	17
0.386	193	36	-24	46	18
0.388	194	35	-26	46	19
0.39	195	34	-28	46	17
0.392	196	33	-30	46	18
0.394	197	32	-32	46	19
0.396	198	31	-34	46	16
0.398	199	30	-36	46	17
0.4	200	29	-38	46	19
0.402	201	28	-40	46	20
0.404	202	27	-42	46	22
0.406	203	26	-44	46	20
0.408	204	25	-46	46	18
0.41	205	24	-48	46	18
0.412	206	23	-47	45	19
0.414	207	22	-49	45	18
0.416	208	20	-54	45	16
0.418	209	19	-56	45	17
0.42	210	18	-55	44	18
0.422	211	17	-57	44	22
0.424	212	16	-59	44	21
0.426	213	14	-61	43	20
0.428	214	13	-63	43	21
0.43	215	12	-65	43	22
0.432	216	10	-67	42	22
0.434	217	9	-69	42	22
0.436	218	8	-68	41	22
0.438	219	6	-73	41	25
0.44	220	5	-72	40	27
0.442	221	4	-74	40	27
0.444	222	2	-76	39	28
0.446	223	1	-78	39	28
0.448	224	0	-77	38	28
0.45	225	-1	-76	37	28
0.452	226	-2	-78	37	30
0.454	227	-4	-80	36	27
0.456	228	-5	-79	35	27
0.458	229	-7	-81	34	27
0.46	230	-8	-83	34	30
0.462	231	-10	-85	33	28
0.464	232	-11	-84	32	28
0.466	233	-12	-83	31	29
0.468	234	-14	-86	30	29
0.47	235	-15	-85	29	29
0.472	236	-17	-88	28	28
0.474	237	-18	-90	28	29
0.476	238	-19	-89	27	30
0.478	239	-21	-92	26	29
0.48	240	-22	-91	25	32
0.482	241	-23	-91	24	28
0.484	242	-25	-94	23	31
0.486	243	-26	-93	22	29
0.488	244	-27	-93	21	33
0.49	245	-29	-96	20	29
0.492	246	-30	-95	19	31
0.494	247	-31	-95	18	32
0.496	248	-32	-92	16	32
0.498	249	-33	-92	15	34
0.5	250	-34	-92	14	30
0.502	251	-36	-95	13	32
0.504	252	-37	-95	12	32
0.506	253	-38	-95	11	33
0.508	254	-39	-95	10	34
0.51	255	-40	-95	9	27
0.512	256	-40	-89	7	35
0.514	257	-41	-89	6	27
0.516	258	-42	-89	5	32
0.518	259	-43	-89	4	31
0.52	260	-44	-89	3	27
0.522	261	-44	-86	2	31
0.524	262	-45	-83	0	26
0.526	263	-46	-83	-1	33
0.528	264	-46	-80	-2	23
0.53	265	-47	-80	-3	27
0.532	266	-47	-77	-4	27
0.534	267	-48	-74	-6	28
0.536	268	-48	-71	-7	30
0.538	269	-48	-68	-8	23
0.54	270	-49	-68	-9	30
0.542	271	-49	-65	-10	25
0.544	272	-49	-62	-11	24
0.546	273	-49	-59	-12	25
0.548	274	-49	-56	-13	21
0.55	275	-49	-53	-14	28
0.552	276	-49	-50	-15	22
0.554	277	-49	-47	-16	28
0.556	278	-48	-41	-17	20
0.558	279	-48	-38	-18	23
0.56	280	-48	-35	-19	19
0.562	281	-47	-29	-20	18
0.564	282	-47	-29	-20	18
0.566	283	-46	-23	-21	15
0.568	284	-46	-21	-22	15
0.57	285	-45	-19	-22	15
0.572	286	-44	-14	-23	15
0.574	287	-44	-12	-24	14
0.576	288	-43	-10	-24	9
0.578	289	-42	-5	-25	8
0.58	290	-41	-3	-25	7
0.582	291	-40	1	-26	6
0.584	292	-39	2	-26	2
0.586	293	-38	3	-26	0
0.588	294	-37	7	-27	4
0.59	295	-35	11	-27	-1
0.592	296	-34	15	-28	2
0.594	297	-33	16	-28	-5
0.596	298	-31	23	-29	-2
0.598	299	-30	24	-29	-6
0.6	300	-28	28	-29	-5
0.602	301	-27	29	-29	-29
0.604	302	-25	33	-29	-13
0.606	303	-23	37	-29	-11
0.608	304	-22	38	-29	-6
0.61	305	-20	43	-29	-10
0.612	306	-18	47	-29	-6
0.614	307	-17	48	-29	-18
0.616	308	-15	52	-29	-7
0.618	309	-13	56	-29	-19
0.62	310	-11	58	-28	-26
0.622	311	-9	62	-28	-27
0.624	312	-7	66	-28	-28
0.626	313	-5	70	-28	-25
0.628	314	-3	74	-28	-20
0.63	315	-1	78	-28	-27
0.632	316	0	79	-28	-28
0.634	317	2	81	-27	-25
0.636	318	4	86	-27	-36
0.638	319	6	90	-27	-41
0.64	320	8	94	-27	-46
0.642	321	10	95	-26	-50
0.644	322	12	99	-26	-45
0.646	323	14	103	-26	-42
0.648	324	16	104	-25	-50
0.65	325	17	106	-25	-47
0.652	326	19	111	-25	-46
0.654	327	21	112	-24	-48
0.656	328	23	117	-24	-48
0.658	329	25	121	-24	-56
0.66	330	27	122	-23	-56
0.662	331	28	124	-23	-57
0.664	332	30	126	-22	-59
0.666	333	32	130	-22	-54
0.668	334	33	129	-21	-54
0.67	335	35	131	-20	-54
0.672	336	36	133	-20	-49
0.674	337	38	135	-19	-48
0.676	338	39	134	-18	-52
0.678	339	40	136	-18	-53
0.68	340	42	138	-17	-59
0.682	341	43	137	-16	-64
0.684	342	44	136	-15	-57
0.686	343	45	138	-15	-59
0.688	344	46	137	-14	-57
0.69	345	47	136	-13	-57
0.692	346	47	132	-12	-58
0.694	347	48	131	-11	-56
0.696	348	49	133	-11	-55
0.698	349	49	129	-10	-61
0.7	350	49	125	-9	-69
0.702	351	50	124	-8	-70
0.704	352	50	120	-7	-68
0.706	353	50	116	-6	-66
0.708	354	50	115	-6	-63
0.71	355	50	111	-5	-65
0.712	356	50	107	-4	-63
0.714	357	49	100	-3	-62
0.716	358	49	100	-3	-63
0.718	359	48	94	-2	-62
0.72	360	48	91	-1	-64
0.722	361	47	88	-1	-67
0.724	362	46	82	0	-62
0.726	363	45	79	0	-63
0.728	364	44	73	1	-57
0.73	365	43	70	1	-52
0.732	366	42	64	2	-49
0.734	367	41	61	2	-48
0.736	368	40	58	2	-47
0.738	369	38	52	2	-46
0.74	370	37	46	3	-45
0.742	371	35	40	3	-45
0.744	372	33	34	3	-44
0.746	373	31	29	3	-41
0.748	374	30	27	3	-37
0.75	375	28	22	3	-31
0.752	376	26	17	3	-27
0.754	377	24	12	3	-24
0.756	378	21	4	3	-24
0.758	379	19	0	3	-24
0.76	380	17	-1	2	-24
0.762	381	15	-5	2	-21
0.764	382	12	-12	2	-20
0.766	383	10	-16	2	-16
0.768	384	8	-17	1	-13
0.77	385	5	-24	1	-8
0.772	386	3	-25	0	-5
0.774	387	0	-32	0	-4
0.776	388	-1	-30	-1	-5
0.778	389	-3	-34	-1	-5
0.78	390	-6	-38	-2	-3
0.782	391	-8	-42	-2	-1
0.784	392	-11	-46	-3	0
0.786	393	-13	-50	-3	7
0.788	394	-15	-54	-3	8
0.79	395	-18	-58	-4	12
0.792	396	-20	-62	-4	8
0.794	397	-22	-63	-5	37
0.796	398	-24	-64	-6	32
0.798	399	-27	-71	-6	22
0.8	400	-29	-72	-7	20
0.802	401	-31	-73	-8	22
0.804	402	-32	-74	-8	19
0.806	403	-34	-75	-9	30
0.808	404	-36	-76	-10	35
0.81	405	-38	-80	-10	33
0.812	406	-39	-79	-11	52
0.814	407	-41	-81	-12	45
0.816	408	-42	-83	-12	47
0.818	409	-43	-82	-13	42
0.82	410	-44	-84	-13	45
0.822	411	-45	-83	-14	46
0.824	412	-46	-85	-14	54
0.826	413	-47	-84	-15	53
0.828	414	-48	-86	-15	52
0.83	415	-48	-85	-15	64
0.832	416	-49	-87	-15	70
0.834	417	-49	-83	-16	70
0.836	418	-49	-82	-16	83
0.838	419	-49	-81	-16	78
0.84	420	-49	-80	-16	76
0.842	421	-48	-76	-16	80
0.844	422	-48	-72	-17	74
0.846	423	-47	-68	-17	66
0.848	424	-47	-67	-17	73
0.85	425	-46	-63	-17	74
0.852	426	-45	-59	-17	76
0.854	427	-44	-55	-17	82
0.856	428	-42	-48	-17	83
0.858	429	-41	-45	-17	83
0.86	430	-39	-39	-17	85
0.862	431	-38	-39	-16	84
0.864	432	-36	-33	-16	82
0.866	433	-34	-27	-16	78
0.868	434	-32	-24	-15	75
0.87	435	-30	-18	-15	73
0.872	436	-28	-15	-14	76
0.874	437	-26	-9	-14	81
0.876	438	-23	-3	-13	80
0.878	439	-21	0	-12	80
0.88	440	-18	8	-12	81
0.882	441	-16	10	-11	81
0.884	442	-13	15	-10	80
0.886	443	-10	20	-9	76
0.888	444	-8	22	-8	72
0.89	445	-5	27	-7	70
0.892	446	-2	29	-5	71
0.894	447	0	31	-4	74
0.896	448	3	33	-2	74
0.898	449	5	35	-1	68
0.9	450	8	37	1	75
0.902	451	11	42	2	69
0.904	452	14	44	4	67
0.906	453	16	43	6	52
0.908	454	19	45	8	50
0.91	455	22	47	10	42
0.912	456	24	49	11	43
0.914	457	27	51	13	39
0.916	458	29	47	16	36
0.918	459	31	46	18	29
0.92	460	34	48	20	31
0.922	461	36	47	22	28
0.924	462	38	46	24	21
0.926	463	39	42	26	8
0.928	464	41	41	28	10
0.93	465	43	40	30	1
0.932	466	44	36	32	-2
0.934	467	46	35	34	1
0.936	468	47	31	36	-3
0.938	469	48	27	38	3
0.94	470	48	20	40	-7
0.942	471	49	16	42	1
0.944	472	50	15	43	-10
0.946	473	50	8	45	-7
0.948	474	50	5	46	-14
0.95	475	50	2	47	-13
0.952	476	50	-3	49	-12
0.954	477	49	-8	50	-5
0.956	478	49	-10	51	-28
0.958	479	48	-15	52	-22
0.96	480	47	-20	53	-18
0.962	481	46	-22	53	-19
0.964	482	45	-27	54	-20
0.966	483	43	-32	54	-24
0.968	484	42	-34	54	-40
0.97	485	40	-42	55	-31
0.972	486	38	-47	55	-33
0.974	487	36	-52	55	-44
0.976	488	34	-57	55	-41
0.978	489	31	-62	54	-48
0.98	490	29	-67	54	-45
0.982	491	26	-72	53	-41
0.984	492	24	-74	52	-47
0.986	493	21	-79	51	-52
0.988	494	18	-84	50	-44
0.99	495	15	-89	49	-47
0.992	496	12	-91	47	-46
0.994	497	9	-96	46	-43
0.996	498	6	-98	44	-46
0.998	499	3	-103	43	-39
1	500	0	-104	41	-21
1.002	501	-3	-106	39	-30
1.004	502	-6	-108	37	-34
1.006	503	-9	-110	35	-20
1.008	504	-12	-109	32	-26
1.01	505	-15	-111	30	-17
1.012	506	-18	-113	28	-25
1.014	507	-21	-112	25	-27
1.016	508	-24	-111	22	-17
1.018	509	-26	-110	20	-7
1.02	510	-29	-109	17	-10
1.022	511	-31	-105	14	-18
1.024	512	-34	-104	11	-7
1.026	513	-36	-100	8	-5
1.028	514	-38	-99	6	-1
1.03	515	-40	-95	3	-7
1.032	516	-42	-91	0	-15
1.034	517	-43	-84	-3	-1
1.036	518	-45	-80	-6	4
1.038	519	-46	-73	-9	3
1.04	520	-47	-69	-11	0
1.042	521	-48	-63	-14	4
1.044	522	-48	-57	-16	11
1.046	523	-49	-51	-19	20
1.048	524	-49	-45	-21	13
1.05	525	-49	-39	-23	10
1.052	526	-49	-30	-26	10
1.054	527	-48	-21	-28	39
1.056	528	-47	-12	-30	30
1.058	529	-47	-6	-32	25
1.06	530	-45	5	-34	19
1.062	531	-44	9	-35	29
1.064	532	-43	16	-37	31
1.066	533	-41	23	-38	42
1.068	534	-39	30	-39	27
1.07	535	-37	37	-40	30
1.072	536	-34	47	-41	45
1.074	537	-32	54	-42	43
1.076	538	-29	61	-42	39
1.078	539	-27	68	-43	32
1.08	540	-24	75	-43	29
1.082	541	-21	82	-43	32
1.084	542	-18	86	-42	37
1.086	543	-14	96	-42	23
1.088	544	-11	103	-42	22
1.09	545	-8	107	-41	27
1.092	546	-4	114	-40	30
1.094	547	-1	118	-39	28
1.096	548	1	119	-38	12
1.098	549	5	126	-37	3
1.1	550	8	130	-36	13
1.102	551	12	134	-34	9
1.104	552	15	138	-33	9
1.106	553	18	139	-31	-5
1.108	554	21	140	-29	4
1.11	555	25	147	-28	7
1.112	556	28	145	-25	9
1.114	557	30	143	-23	-20
1.116	558	33	144	-21	-11
1.118	559	36	145	-19	-14
1.12	560	38	140	-16	-6
1.122	561	40	138	-14	-13
1.124	562	42	133	-11	-13
1.126	563	44	131	-9	-26
1.128	564	46	126	-6	-9
1.13	565	47	122	-4	-13
1.132	566	48	118	-2	-21
1.134	567	49	111	1	-37
1.136	568	50	107	3	-33
1.138	569	50	97	6	-38
1.14	570	50	90	8	-31
1.142	571	50	83	10	-47
1.144	572	49	73	12	-50
1.146	573	49	67	14	-46
1.148	574	48	58	16	-43
1.15	575	47	49	18	-51
1.152	576	45	40	19	-67
1.154	577	44	31	21	-64
1.156	578	42	22	22	-65
1.158	579	40	13	23	-63
1.16	580	37	1	24	-74
1.162	581	35	-6	25	-74
1.164	582	32	-16	26	-73
1.166	583	29	-23	26	-69
1.168	584	26	-30	26	-69
1.17	585	23	-37	26	-70
1.172	586	20	-44	26	-76
1.174	587	16	-51	25	-75
1.176	588	13	-58	25	-69
1.178	589	9	-65	24	-71
1.18	590	5	-75	24	-68
1.182	591	2	-79	23	-67
1.184	592	-1	-83	22	-60
1.186	593	-5	-90	21	-49
1.188	594	-8	-91	19	-42
1.19	595	-12	-98	18	-47
1.192	596	-16	-102	16	-43
1.194	597	-19	-103	14	-38
1.196	598	-22	-104	12	-32
1.198	599	-26	-108	10	-27
1.2	600	-29	-109	8	-26
1.202	601	-32	-110	6	-25
1.204	602	-35	-108	3	-12
1.206	603	-37	-106	1	-1
1.208	604	-39	-101	-2	-3
1.21	605	-42	-102	-4	-3
1.212	606	-43	-94	-7	-1
1.214	607	-45	-93	-9	-4
1.216	608	-46	-86	-12	1
1.218	609	-47	-79	-15	1
1.22	610	-48	-75	-17	-2
1.222	611	-49	-68	-20	9
1.224	612	-49	-61	-22	19
1.226	613	-49	-54	-24	10
1.228	614	-49	-47	-26	13
1.23	615	-48	-34	-29	17
1.232	616	-47	-25	-31	50
1.234	617	-46	-16	-33	29
1.236	618	-44	-4	-35	30
1.238	619	-42	4	-36	24
1.24	620	-40	15	-38	30
1.242	621	-38	23	-39	42
1.244	622	-35	34	-40	52
1.246	623	-32	44	-41	44
1.248	624	-29	54	-42	54
1.25	625	-26	64	-43	61
1.252	626	-23	71	-43	69
1.254	627	-19	81	-43	67
1.256	628	-16	88	-43	63
1.258	629	-12	95	-42	59
1.26	630	-8	105	-42	66
1.262	631	-4	112	-41	75
1.264	632	0	119	-40	66
1.266	633	3	123	-39	79
1.268	634	7	127	-37	70
1.27	635	11	134	-36	80
1.272	636	15	138	-34	68
1.274	637	18	139	-32	66
1.276	638	22	143	-30	46
1.278	639	26	147	-28	54
1.28	640	29	145	-25	49
1.282	641	32	146	-23	43
1.284	642	35	144	-20	38
1.286	643	38	142	-17	40
1.288	644	40	137	-14	31
1.29	645	43	135	-11	41
1.292	646	45	130	-8	26
1.294	647	46	120	-4	10
1.296	648	48	116	-1	8
1.298	649	49	106	3	6
1.3	650	49	96	6	-1
1.302	651	50	89	9	5
1.304	652	50	76	13	-8
1.306	653	50	66	16	0
1.308	654	49	54	19	10
1.31	655	48	42	22	7
1.312	656	47	30	25	-8
1.314	657	45	15	28	-12
1.316	658	44	3	31	-15
1.318	659	41	-11	33	-16
1.32	660	39	-24	36	-15
1.322	661	36	-37	38	-20
1.324	662	33	-50	40	-9
1.326	663	30	-63	42	-39
1.328	664	26	-76	43	-15
1.33	665	23	-86	44	-24
1.332	666	19	-99	45	-24
1.334	667	15	-112	46	-36
1.336	668	11	-124	47	-32
1.338	669	7	-133	47	-51
1.34	670	3	-142	47	-33
1.342	671	0	-148	47	-41
1.344	672	-5	-157	46	-48
1.346	673	-9	-166	46	-41
1.348	674	-13	-172	45	-36
1.35	675	-17	-175	43	-41
1.352	676	-21	-181	42	-29
1.354	677	-25	-184	40	-42
1.356	678	-28	-184	38	-38
1.358	679	-32	-187	36	-25
1.36	680	-35	-187	34	-24
1.362	681	-38	-184	31	-19
1.364	682	-40	-182	29	-8
1.366	683	-42	-177	26	-13
1.368	684	-44	-172	23	16
1.37	685	-46	-167	20	27
1.372	686	-47	-159	17	11
1.374	687	-48	-151	14	22
1.376	688	-49	-140	10	24
1.378	689	-49	-130	7	23
1.38	690	-49	-120	4	44
1.382	691	-48	-107	1	35
1.384	692	-47	-94	-2	33
1.386	693	-46	-78	-6	55
1.388	694	-44	-63	-9	53
1.39	695	-42	-51	-11	50
1.392	696	-40	-36	-14	52
1.394	697	-37	-18	-17	41
1.396	698	-34	-3	-19	50
1.398	699	-31	10	-21	59
1.4	700	-28	23	-23	43
1.402	701	-24	39	-25	50
1.404	702	-20	52	-26	60
1.406	703	-16	65	-27	62
1.408	704	-12	78	-28	71
1.41	705	-8	91	-29	67
1.412	706	-3	103	-29	58
1.414	707	0	109	-29	71
1.416	708	5	118	-28	72
1.418	709	9	127	-28	68
1.42	710	14	136	-27	71
1.422	711	18	142	-26	76
1.424	712	22	148	-25	75
1.426	713	26	151	-23	83
1.428	714	30	157	-22	83
1.43	715	33	157	-20	65
1.432	716	36	154	-17	68
1.434	717	39	154	-15	62
1.436	718	42	155	-13	50
1.438	719	44	150	-10	45
1.44	720	46	145	-7	32
1.442	721	48	140	-4	28
1.444	722	49	132	-1	28
1.446	723	50	124	2	18
1.448	724	50	113	5	2
1.45	725	50	103	8	0
1.452	726	49	87	12	-16
1.454	727	49	77	15	-24
1.456	728	47	61	18	-26
1.458	729	46	48	21	-36
1.46	730	44	33	24	-42
1.462	731	41	15	27	-31
1.464	732	38	0	29	-32
1.466	733	35	-17	32	-33
1.468	734	32	-31	34	-32
1.47	735	28	-47	36	-36
1.472	736	24	-63	38	-57
1.474	737	20	-79	40	-27
1.476	738	16	-92	41	-46
1.478	739	11	-108	42	-34
1.48	740	7	-121	43	-30
1.482	741	2	-136	44	-28
1.484	742	-2	-145	44	-39
1.486	743	-6	-154	44	-24
1.488	744	-11	-163	43	-44
1.49	745	-15	-172	43	-48
1.492	746	-20	-181	42	-48
1.494	747	-24	-184	40	-54
1.496	748	-28	-187	38	-57
1.498	749	-32	-190	36	-50
1.5	750	-35	-190	34	-58
1.502	751	-38	-190	32	-50
1.504	752	-41	-187	29	-47
1.506	753	-43	-182	26	-56
1.508	754	-45	-177	23	-56
1.51	755	-47	-172	20	-51
1.512	756	-48	-161	16	-56
1.514	757	-49	-153	13	-48
1.516	758	-49	-139	9	-33
1.518	759	-49	-129	6	-36
1.52	760	-48	-113	2	-9
1.522	761	-47	-100	-1	-2
1.524	762	-46	-84	-5	7
1.526	763	-44	-65	-9	22
1.528	764	-41	-47	-12	19
1.53	765	-38	-29	-15	31
1.532	766	-35	-11	-18	38
1.534	767	-32	6	-21	44
1.536	768	-28	22	-23	54
1.538	769	-24	41	-26	62
1.54	770	-20	57	-28	65
1.542	771	-15	79	-31	68
1.544	772	-11	92	-32	64
1.546	773	-6	110	-34	62
1.548	774	-1	125	-35	57
1.55	775	3	137	-36	51
1.552	776	8	152	-37	60
1.554	777	13	164	-37	54
1.556	778	17	173	-37	39
1.558	779	22	182	-36	37
1.56	780	26	191	-36	36
1.562	781	30	197	-35	27
1.564	782	34	200	-34	28
1.566	783	37	200	-32	17
1.568	784	40	200	-30	12
1.57	785	43	200	-28	19
1.572	786	45	197	-26	18
1.574	787	47	191	-23	11
1.576	788	49	188	-21	13
1.578	789	50	180	-18	13
1.58	790	50	169	-15	10
1.582	791	50	158	-12	12
1.584	792	49	144	-9	6
1.586	793	48	130	-6	1
1.588	794	47	114	-2	-2
1.59	795	45	98	1	-16
1.592	796	42	79	4	6
1.594	797	39	60	7	-4
1.596	798	36	39	11	-7
1.598	799	33	24	13	-8
1.6	800	29	3	16	-15
1.602	801	24	-19	19	-35
1.604	802	20	-35	21	-34
1.606	803	15	-54	23	-49
1.608	804	10	-73	25	-57
1.61	805	5	-89	26	-59
1.612	806	0	-104	27	-61
1.614	807	-4	-116	28	-67
1.616	808	-9	-131	29	-60
1.618	809	-14	-143	29	-80
1.62	810	-19	-155	29	-73
1.622	811	-23	-164	29	-83
1.624	812	-28	-173	28	-90
1.626	813	-32	-179	27	-94
1.628	814	-35	-182	26	-88
1.63	815	-39	-185	24	-88
1.632	816	-42	-185	22	-70
1.634	817	-44	-182	20	-74
1.636	818	-46	-179	18	-61
1.638	819	-48	-173	15	-52
1.64	820	-48	-165	13	-40
1.642	821	-49	-157	10	-44
1.644	822	-49	-146	7	-27
1.646	823	-48	-129	3	-20
1.648	824	-47	-115	0	-3
1.65	825	-46	-102	-3	11
1.652	826	-43	-80	-7	24
1.654	827	-41	-64	-10	32
1.656	828	-38	-45	-13	46
1.658	829	-34	-21	-17	40
1.66	830	-30	0	-20	52
1.662	831	-26	20	-23	51
1.664	832	-22	36	-25	39
1.666	833	-17	58	-28	48
1.668	834	-12	77	-30	41
1.67	835	-7	96	-32	42
1.672	836	-1	117	-34	46
1.674	837	3	129	-35	42
1.676	838	8	144	-36	40
1.678	839	13	159	-37	40
1.68	840	18	171	-37	45
1.682	841	23	183	-37	41
1.684	842	28	192	-36	26
1.686	843	32	200	-36	24
1.688	844	36	200	-35	19
1.69	845	39	200	-33	28
1.692	846	42	200	-32	32
1.694	847	45	200	-30	36
1.696	848	47	197	-28	36
1.698	849	49	192	-25	46
1.7	850	50	187	-23	45
1.702	851	50	176	-20	38
1.704	852	50	165	-17	35
1.706	853	49	151	-14	29
1.708	854	48	137	-11	29
1.71	855	46	121	-8	32
1.712	856	44	105	-5	26
1.714	857	41	83	-1	18
1.716	858	37	62	2	8
1.718	859	34	44	5	16
1.72	860	29	20	8	-5
1.722	861	25	0	11	-9
1.724	862	20	-22	14	-21
1.726	863	15	-41	16	-27
1.728	864	10	-63	19	-36
1.73	865	4	-85	21	-39
1.732	866	0	-100	23	-54
1.734	867	-5	-115	24	-55
1.736	868	-11	-133	25	-56
1.738	869	-16	-148	26	-64
1.74	870	-21	-163	27	-64
1.742	871	-26	-175	27	-69
1.744	872	-30	-184	27	-74
1.746	873	-34	-190	26	-62
1.748	874	-38	-196	25	-63
1.75	875	-41	-199	24	-56
1.752	876	-44	-200	23	-53
1.754	877	-46	-197	21	-49
1.756	878	-48	-194	19	-39
1.758	879	-49	-188	17	-31
1.76	880	-49	-179	15	-29
1.762	881	-49	-167	12	-15
1.764	882	-48	-156	10	-8
1.766	883	-46	-139	7	4
1.768	884	-44	-122	4	17
1.77	885	-42	-105	1	23
1.772	886	-39	-86	-2	30
1.774	887	-35	-64	-5	39
1.776	888	-31	-42	-8	41
1.778	889	-27	-21	-11	45
1.78	890	-22	0	-13	47
1.782	891	-17	23	-16	47
1.784	892	-11	48	-19	62
1.786	893	-6	67	-21	47
1.788	894	0	89	-23	50
1.79	895	4	102	-24	42
1.792	896	10	123	-26	40
1.794	897	15	138	-27	43
1.796	898	21	153	-27	45
1.798	899	26	168	-28	42
1.8	900	30	177	-28	39
1.802	901	35	189	-28	49
1.804	902	39	195	-27	47
1.806	903	42	198	-26	50
1.808	904	45	198	-24	49
1.81	905	47	198	-23	43
1.812	906	49	195	-21	51
1.814	907	50	186	-18	51
1.816	908	50	177	-16	47
1.818	909	50	166	-13	54
1.82	910	49	152	-10	48
1.822	911	47	135	-7	48
1.824	912	45	118	-4	42
1.826	913	42	99	-1	40
1.828	914	39	80	2	24
1.83	915	35	58	5	22
1.832	916	31	34	9	8
1.834	917	26	10	12	1
1.836	918	21	-13	15	-6
1.838	919	16	-32	17	-17
1.84	920	10	-57	20	-24
1.842	921	4	-79	22	-28
1.844	922	-1	-98	24	-40
1.846	923	-6	-116	26	-47
1.848	924	-12	-137	28	-55
1.85	925	-18	-155	29	-60
1.852	926	-23	-170	30	-60
1.854	927	-28	-182	30	-64
1.856	928	-32	-191	30	-67
1.858	929	-36	-200	30	-61
1.86	930	-40	-200	29	-56
1.862	931	-43	-200	28	-56
1.864	932	-46	-200	27	-49
1.866	933	-47	-197	26	-46
1.868	934	-49	-194	24	-39
1.87	935	-49	-186	22	-32
1.872	936	-49	-178	20	-25
1.874	937	-48	-164	17	-16
1.876	938	-46	-150	15	-4
1.878	939	-44	-133	12	7
1.88	940	-41	-114	9	16
1.882	941	-38	-95	6	22
1.884	942	-34	-73	3	28
1.886	943	-29	-52	1	30
1.888	944	-24	-28	-2	37
1.89	945	-19	-4	-5	37
1.892	946	-13	21	-8	40
1.894	947	-8	40	-10	44
1.896	948	-2	62	-12	47
1.898	949	3	81	-14	49
1.9	950	9	102	-16	50
1.902	951	15	120	-17	42
1.904	952	21	141	-19	43
1.906	953	26	153	-19	41
1.908	954	31	168	-20	42
1.91	955	35	177	-20	37
1.912	956	39	183	-19	37
1.914	957	43	192	-19	39
1.916	958	46	195	-18	44
1.918	959	48	192	-16	47
1.92	960	49	189	-15	44
1.922	961	50	183	-13	42
1.924	962	50	174	-11	40
1.926	963	49	162	-9	38
1.928	964	48	148	-6	35
1.93	965	46	134	-4	28
1.932	966	43	114	-1	27
1.934	967	39	92	2	27
1.936	968	35	73	4	22
1.938	969	31	51	7	18
1.94	970	26	27	10	4
1.942	971	20	3	12	0
1.944	972	15	-20	15	-5
1.946	973	9	-43	17	-18
1.948	974	3	-65	19	-39
1.95	975	-2	-84	21	-38
1.952	976	-9	-109	23	-39
1.954	977	-14	-125	24	-35
1.956	978	-20	-143	25	-44
1.958	979	-26	-161	26	-49
1.96	980	-31	-176	27	-57
1.962	981	-35	-185	27	-53
1.964	982	-39	-194	27	-61
1.966	983	-42	-200	27	-66
1.968	984	-45	-200	26	-68
1.97	985	-47	-200	25	-59
1.972	986	-48	-194	23	-49
1.974	987	-49	-188	21	-48
1.976	988	-49	-180	19	-43
1.978	989	-48	-169	17	-37
1.98	990	-46	-155	15	-28
1.982	991	-43	-135	12	-22
1.984	992	-40	-116	9	-13
1.986	993	-36	-94	6	-8
1.988	994	-32	-72	3	4
1.99	995	-27	-50	1	13
1.992	996	-22	-26	-2	26
1.994	997	-16	0	-5	25
1.996	998	-10	25	-8	35
1.998	999	-4	47	-10	46
2	1000	2	69	-12	53
2.002	1001	8	91	-14	46
2.004	1002	14	112	-16	57
2.006	1003	20	133	-18	49
2.008	1004	26	151	-19	51
2.01	1005	31	166	-20	57
2.012	1006	35	175	-20	50
2.014	1007	40	187	-20	48
2.016	1008	43	190	-19	46
2.018	1009	46	196	-19	46
2.02	1010	48	196	-18	42
2.022	1011	49	193	-17	37
2.024	1012	50	187	-15	28
2.026	1013	50	178	-13	30
2.028	1014	49	166	-11	29
2.03	1015	47	152	-9	21
2.032	1016	44	135	-7	19
2.034	1017	41	115	-4	15
2.036	1018	37	96	-2	8
2.038	1019	32	71	1	-1
2.04	1020	27	49	3	-6
2.042	1021	21	22	6	-14
2.044	1022	15	-1	8	-17
2.046	1023	9	-27	11	-22
2.048	1024	3	-49	13	-31
2.05	1025	-3	-71	15	-27
2.052	1026	-9	-93	17	-25
2.054	1027	-15	-112	18	-25
2.056	1028	-21	-133	20	-35
2.058	1029	-27	-148	20	-37
2.06	1030	-32	-163	21	-48
2.062	1031	-36	-172	21	-41
2.064	1032	-40	-181	21	-49
2.066	1033	-44	-187	20	-54
2.068	1034	-46	-190	20	-47
2.07	1035	-48	-190	19	-44
2.072	1036	-49	-184	17	-43
2.074	1037	-49	-178	16	-40
2.076	1038	-48	-167	14	-40
2.078	1039	-46	-153	12	-38
2.08	1040	-44	-139	10	-32
2.082	1041	-41	-119	7	-32
2.084	1042	-37	-100	5	-29
2.086	1043	-32	-75	2	-25
2.088	1044	-27	-53	0	-9
2.09	1045	-21	-26	-3	7
2.092	1046	-15	-2	-5	10
2.094	1047	-9	24	-8	20
2.096	1048	-3	46	-10	24
2.098	1049	3	68	-12	33
2.1	1050	10	93	-14	39
2.102	1051	16	115	-16	42
2.104	1052	22	133	-17	46
2.106	1053	28	151	-18	44
2.108	1054	33	166	-19	65
2.11	1055	38	178	-19	61
2.112	1056	42	187	-19	67
2.114	1057	45	193	-19	59
2.116	1058	47	193	-18	61
2.118	1059	49	193	-17	53
2.12	1060	50	190	-16	52
2.122	1061	50	181	-14	37
2.124	1062	49	172	-13	33
2.126	1063	47	158	-11	34
2.128	1064	44	141	-9	27
2.13	1065	41	121	-6	22
2.132	1066	37	101	-4	10
2.134	1067	32	79	-2	1
2.136	1068	26	51	1	-3
2.138	1069	20	27	3	-13
2.14	1070	14	0	6	-29
2.142	1071	7	-26	8	-34
2.144	1072	1	-48	10	-34
2.146	1073	-5	-70	12	-38
2.148	1074	-12	-95	14	-35
2.15	1075	-18	-117	16	-40
2.152	1076	-24	-135	17	-40
2.154	1077	-30	-153	18	-44
2.156	1078	-35	-168	19	-44
2.158	1079	-39	-177	19	-47
2.16	1080	-43	-186	19	-46
2.162	1081	-46	-189	18	-50
2.164	1082	-48	-189	17	-42
2.166	1083	-49	-186	16	-38
2.168	1084	-49	-180	15	-35
2.17	1085	-48	-168	13	-32
2.172	1086	-47	-157	11	-31
2.174	1087	-44	-140	9	-27
2.176	1088	-41	-123	7	-21
2.178	1089	-36	-100	5	-18
2.18	1090	-32	-78	2	-10
2.182	1091	-26	-53	0	-3
2.184	1092	-20	-29	-2	9
2.186	1093	-14	-2	-5	18
2.188	1094	-7	24	-7	20
2.19	1095	0	49	-9	25
2.192	1096	6	71	-11	33
2.194	1097	12	93	-13	36
2.196	1098	19	118	-15	40
2.198	1099	25	136	-16	43
2.2	1100	31	154	-17	46
2.202	1101	36	169	-18	51
2.204	1102	40	178	-18	49
2.206	1103	44	187	-18	48
2.208	1104	47	193	-18	56
2.21	1105	49	193	-17	55
2.212	1106	50	190	-16	54
2.214	1107	50	184	-15	53
2.216	1108	49	172	-13	43
2.218	1109	47	161	-12	42
2.22	1110	44	144	-10	40
2.222	1111	41	127	-8	28
2.224	1112	36	101	-5	19
2.226	1113	31	79	-3	17
2.228	1114	25	51	0	8
2.23	1115	19	27	2	7
2.232	1116	12	-2	5	-7
2.234	1117	5	-28	7	-15
2.236	1118	-1	-50	9	-18
2.238	1119	-8	-75	11	-29
2.24	1120	-15	-100	13	-37
2.242	1121	-21	-122	15	-30
2.244	1122	-27	-140	16	-46
2.246	1123	-33	-158	17	-44
2.248	1124	-38	-173	18	-50
2.25	1125	-42	-182	18	-56
2.252	1126	-45	-188	18	-55
2.254	1127	-47	-191	18	-49
2.256	1128	-49	-191	17	-52
2.258	1129	-49	-185	16	-43
2.26	1130	-48	-176	15	-42
2.262	1131	-47	-167	14	-40
2.264	1132	-44	-150	12	-31
2.266	1133	-41	-133	10	-25
2.268	1134	-36	-110	8	-23
2.27	1135	-31	-88	6	-12
2.272	1136	-25	-60	3	-3
2.274	1137	-19	-35	1	7
2.276	1138	-12	-8	-1	19
2.278	1139	-5	21	-4	27
2.28	1140	1	43	-6	30
2.282	1141	8	68	-8	43
2.284	1142	15	93	-10	43
2.286	1143	22	115	-11	51
2.288	1144	28	136	-13	52
2.29	1145	33	151	-14	53
2.292	1146	38	163	-14	54
2.294	1147	43	175	-14	54
2.296	1148	46	184	-15	57
2.298	1149	48	187	-15	56
2.3	1150	50	187	-14	58
2.302	1151	50	181	-13	60
2.304	1152	49	172	-12	49
2.306	1153	47	158	-10	42
2.308	1154	45	144	-8	37
2.31	1155	41	127	-7	27
2.312	1156	36	104	-5	17
2.314	1157	31	82	-3	20
2.316	1158	25	57	-1	5
2.318	1159	19	29	2	9
2.32	1160	12	2	4	-8
2.322	1161	4	-27	6	-10
2.324	1162	-2	-52	9	-19
2.326	1163	-9	-74	10	-17
2.328	1164	-16	-99	12	-25
2.33	1165	-23	-124	14	-40
2.332	1166	-29	-142	15	-46
2.334	1167	-35	-160	16	-51
2.336	1168	-39	-169	16	-44
2.338	1169	-43	-181	17	-48
2.34	1170	-46	-187	17	-47
2.342	1171	-48	-190	17	-46
2.344	1172	-49	-187	16	-40
2.346	1173	-49	-181	15	-36
2.348	1174	-47	-169	14	-40
2.35	1175	-45	-155	12	-38
2.352	1176	-42	-138	10	-33
2.354	1177	-37	-118	9	-26
2.356	1178	-32	-96	7	-15
2.358	1179	-26	-68	4	-10
2.36	1180	-20	-43	2	3
2.362	1181	-13	-16	0	11
2.364	1182	-6	10	-2	23
2.366	1183	1	36	-4	29
2.368	1184	8	61	-6	29
2.37	1185	15	86	-8	34
2.372	1186	22	111	-10	40
2.374	1187	29	132	-11	50
2.376	1188	34	147	-12	55
2.378	1189	39	162	-13	57
2.38	1190	44	174	-13	41
2.382	1191	47	180	-13	56
2.384	1192	49	183	-13	61
2.386	1193	50	180	-12	56
2.388	1194	50	177	-12	55
2.39	1195	49	165	-10	53
2.392	1196	46	151	-9	41
2.394	1197	43	134	-7	43
2.396	1198	39	114	-5	31
2.398	1199	33	89	-3	17
2.4	1200	28	67	-1	16
2.402	1201	21	39	1	7
2.404	1202	14	12	3	2
2.406	1203	6	-17	5	-6
2.408	1204	0	-43	8	-21
2.41	1205	-8	-68	9	-25
2.412	1206	-15	-93	11	-26
2.414	1207	-22	-118	13	-26
2.416	1208	-28	-136	14	-40
2.418	1209	-34	-154	15	-44
2.42	1210	-39	-166	15	-56
2.422	1211	-43	-175	15	-57
2.424	1212	-46	-181	15	-54
2.426	1213	-48	-184	15	-57
2.428	1214	-49	-181	14	-56
2.43	1215	-49	-175	13	-44
2.432	1216	-47	-163	12	-41
2.434	1217	-44	-146	10	-34
2.436	1218	-41	-132	9	-30
2.438	1219	-36	-109	7	-28
2.44	1220	-31	-87	5	-21
2.442	1221	-24	-59	3	-8
2.444	1222	-17	-31	1	-2
2.446	1223	-10	-4	-1	8
2.448	1224	-2	25	-3	18
2.45	1225	4	47	-5	33
2.452	1226	12	75	-7	43
2.454	1227	19	100	-9	49
2.456	1228	26	122	-10	49
2.458	1229	32	140	-11	46
2.46	1230	38	158	-12	35
2.462	1231	42	170	-13	58
2.464	1232	46	179	-13	55
2.466	1233	48	182	-13	62
2.468	1234	50	185	-13	63
2.47	1235	50	179	-12	58
2.472	1236	49	170	-11	55
2.474	1237	47	158	-10	51
2.476	1238	43	138	-8	30
2.478	1239	39	118	-6	22
2.48	1240	33	95	-5	17
2.482	1241	27	70	-3	9
2.484	1242	20	42	-1	0
2.486	1243	13	12	2	2
2.488	1244	5	-17	4	-14
2.49	1245	-2	-43	6	-11
2.492	1246	-9	-68	8	-25
2.494	1247	-17	-93	9	-34
2.496	1248	-24	-118	11	-53
2.498	1249	-30	-136	12	-46
2.5	1250	-36	-154	13	-40
2.502	1251	-41	-166	13	-47
2.504	1252	-45	-175	13	-58
2.506	1253	-47	-178	13	-56
2.508	1254	-49	-181	13	-50
2.51	1255	-49	-175	12	-45
2.512	1256	-48	-166	11	-40
2.514	1257	-46	-155	10	-50
2.516	1258	-42	-135	8	-45
2.518	1259	-38	-118	7	-25
2.52	1260	-32	-92	5	-20
2.522	1261	-26	-67	3	-10
2.524	1262	-19	-39	1	-10
2.526	1263	-12	-12	-1	0
2.528	1264	-4	17	-3	15
2.53	1265	3	43	-5	31
2.532	1266	11	71	-7	22
2.534	1267	19	99	-9	26
2.536	1268	26	121	-10	40
2.538	1269	32	139	-11	45
2.54	1270	38	157	-12	42
2.542	1271	43	172	-13	60
2.544	1272	46	178	-13	51
2.546	1273	49	184	-13	69
2.548	1274	50	184	-13	68
2.55	1275	50	178	-12	55
2.552	1276	48	166	-11	44
2.554	1277	46	155	-10	47
2.556	1278	42	138	-9	35
2.558	1279	37	115	-7	33
2.56	1280	31	90	-5	21
2.562	1281	25	65	-3	10
2.564	1282	17	34	-1	12
2.566	1283	10	7	1	11
2.568	1284	2	-19	2	-15
2.57	1285	-5	-45	4	-17
2.572	1286	-13	-73	6	-36
2.574	1287	-21	-101	8	-36
2.576	1288	-28	-123	9	-43
2.578	1289	-34	-141	10	-59
2.58	1290	-39	-156	11	-45
2.582	1291	-44	-168	11	-34
2.584	1292	-47	-174	11	-46
2.586	1293	-48	-174	11	-56
2.588	1294	-49	-171	10	-59
2.59	1295	-48	-165	10	-61
2.592	1296	-46	-154	9	-45
2.594	1297	-43	-137	7	-42
2.596	1298	-38	-117	6	-50
2.598	1299	-33	-94	4	-25
2.6	1300	-26	-69	3	-13
2.602	1301	-19	-41	1	0
2.604	1302	-11	-11	-1	9
2.606	1303	-3	18	-3	6
2.608	1304	4	44	-5	9
2.61	1305	12	72	-7	35
2.612	1306	20	97	-8	31
2.614	1307	27	122	-10	37
2.616	1308	34	143	-11	44
2.618	1309	39	155	-11	44
2.62	1310	44	170	-12	68
2.622	1311	47	176	-12	77
2.624	1312	49	179	-12	66
2.626	1313	50	179	-12	62
2.628	1314	49	170	-11	62
2.63	1315	47	158	-10	49
2.632	1316	44	144	-9	47
2.634	1317	40	124	-7	33
2.636	1318	34	101	-6	22
2.638	1319	28	76	-4	30
2.64	1320	21	48	-2	20
2.642	1321	13	18	0	8
2.644	1322	5	-11	2	-4
2.646	1323	-3	-40	4	-16
2.648	1324	-11	-65	5	-32
2.65	1325	-19	-93	7	-34
2.652	1326	-26	-115	8	-48
2.654	1327	-33	-136	9	-54
2.656	1328	-38	-151	10	-44
2.658	1329	-43	-166	11	-43
2.66	1330	-46	-172	11	-59
2.662	1331	-48	-175	11	-57
2.664	1332	-49	-175	11	-62
2.666	1333	-48	-166	10	-57
2.668	1334	-46	-154	9	-47
2.67	1335	-43	-140	8	-48
2.672	1336	-38	-120	7	-47
2.674	1337	-32	-94	5	-24
2.676	1338	-25	-69	4	-14
2.678	1339	-18	-41	2	3
2.68	1340	-10	-11	0	5
2.682	1341	-2	15	-1	7
2.684	1342	6	44	-3	20
2.686	1343	14	72	-5	42
2.688	1344	22	100	-7	38
2.69	1345	29	122	-8	46
2.692	1346	36	143	-9	59
2.694	1347	41	158	-10	51
2.696	1348	45	167	-10	55
2.698	1349	48	173	-10	71
2.7	1350	50	176	-10	63
2.702	1351	50	173	-10	67
2.704	1352	49	164	-9	65
2.706	1353	46	150	-8	45
2.708	1354	42	133	-7	47
2.71	1355	37	110	-5	43
2.712	1356	30	85	-4	18
2.714	1357	23	57	-2	22
2.716	1358	15	26	0	8
2.718	1359	7	-3	2	-3
2.72	1360	-1	-32	4	-6
2.722	1361	-9	-60	6	-13
2.724	1362	-17	-85	7	-40
2.726	1363	-25	-113	9	-36
2.728	1364	-32	-135	10	-30
2.73	1365	-38	-150	10	-42
2.732	1366	-43	-165	11	-54
2.734	1367	-46	-171	11	-65
2.736	1368	-48	-174	11	-68
2.738	1369	-49	-171	10	-55
2.74	1370	-48	-165	10	-50
2.742	1371	-46	-154	9	-55
2.744	1372	-42	-137	8	-51
2.746	1373	-37	-117	7	-31
2.748	1374	-31	-91	5	-27
2.75	1375	-24	-66	4	-11
2.752	1376	-16	-35	2	-17
2.754	1377	-8	-5	0	-1
2.756	1378	0	21	-1	14
2.758	1379	8	50	-3	27
2.76	1380	17	78	-4	32
2.762	1381	24	103	-6	46
2.764	1382	32	128	-7	53
2.766	1383	38	146	-8	72
2.768	1384	43	161	-9	66
2.77	1385	47	170	-9	38
2.772	1386	49	173	-9	64
2.774	1387	50	173	-9	64
2.776	1388	49	164	-8	70
2.778	1389	47	152	-7	70
2.78	1390	44	138	-6	50
2.782	1391	39	118	-5	45
2.784	1392	33	95	-4	56
2.786	1393	26	67	-2	34
2.788	1394	18	36	0	8
2.79	1395	9	6	1	-1
2.792	1396	1	-23	3	-15
2.794	1397	-7	-52	5	-18
2.796	1398	-16	-83	7	-16
2.798	1399	-24	-108	8	-50
2.8	1400	-31	-130	9	-45
2.802	1401	-37	-148	10	-19
2.804	1402	-42	-163	11	-45
2.806	1403	-46	-172	11	-60
2.808	1404	-48	-175	11	-75
2.81	1405	-49	-172	10	-80
2.812	1406	-48	-166	10	-65
2.814	1407	-46	-154	9	-46
2.816	1408	-42	-137	8	-65
2.818	1409	-37	-117	7	-46
2.82	1410	-31	-91	5	-17
2.822	1411	-23	-63	4	-14
2.824	1412	-15	-32	2	3
2.826	1413	-7	-5	1	-10
2.828	1414	1	24	-1	-5
2.83	1415	10	55	-3	21
2.832	1416	19	83	-4	40
2.834	1417	27	111	-6	45
2.836	1418	34	133	-7	55
2.838	1419	40	151	-8	70
2.84	1420	44	160	-8	61
2.842	1421	48	169	-8	83
2.844	1422	50	172	-8	70
2.846	1423	50	166	-7	66
2.848	1424	49	160	-7	68
2.85	1425	46	146	-6	68
2.852	1426	41	126	-5	50
2.854	1427	36	106	-4	48
2.856	1428	29	78	-2	38
2.858	1429	21	50	-1	25
2.86	1430	13	19	1	31
2.862	1431	4	-13	3	-9
2.864	1432	-4	-39	4	-20
2.866	1433	-13	-70	6	-30
2.868	1434	-21	-98	8	-41
2.87	1435	-29	-123	9	-52
2.872	1436	-36	-141	9	-30
2.874	1437	-41	-156	10	-48
2.876	1438	-45	-165	10	-65
2.878	1439	-48	-174	11	-60
2.88	1440	-49	-174	11	-70
2.882	1441	-48	-165	10	-80
2.884	1442	-46	-157	10	-56
2.886	1443	-42	-140	9	-72
2.888	1444	-37	-120	8	-56
2.89	1445	-31	-94	6	-27
2.892	1446	-23	-66	5	-29
2.894	1447	-15	-35	3	-10
2.896	1448	-6	-5	2	5
2.898	1449	2	24	0	10
2.9	1450	11	55	-2	20
2.902	1451	20	83	-3	41
2.904	1452	28	111	-5	38
2.906	1453	35	133	-6	61
2.908	1454	41	148	-6	70
2.91	1455	45	160	-7	55
2.912	1456	48	166	-7	77
2.914	1457	50	169	-7	80
2.916	1458	50	163	-6	82
2.918	1459	48	154	-6	77
2.92	1460	44	137	-5	66
2.922	1461	39	117	-4	41
2.924	1462	33	94	-3	50
2.926	1463	26	66	-1	37
2.928	1464	17	35	0	12
2.93	1465	8	2	2	16
2.932	1466	0	-24	3	-7
2.934	1467	-9	-56	5	-14
2.936	1468	-18	-87	7	-23
2.938	1469	-26	-112	8	-45
2.94	1470	-33	-134	9	-66
2.942	1471	-39	-149	9	-24
2.944	1472	-44	-164	10	-69
2.946	1473	-47	-170	10	-76
2.948	1474	-49	-173	10	-76
2.95	1475	-49	-170	10	-80
2.952	1476	-47	-158	9	-73
2.954	1477	-43	-141	8	-44
2.956	1478	-38	-121	7	-71
2.958	1479	-32	-98	6	-48
2.96	1480	-24	-70	5	-18
2.962	1481	-16	-39	3	-26
2.964	1482	-7	-9	2	-3
2.966	1483	1	20	0	7
2.968	1484	10	52	-2	2
2.97	1485	19	80	-3	42
2.972	1486	28	111	-5	55
2.974	1487	35	133	-6	56
2.976	1488	41	151	-7	71
2.978	1489	46	163	-7	64
2.98	1490	49	169	-7	71
2.982	1491	50	169	-7	93
2.984	1492	50	163	-6	79
2.986	1493	47	151	-6	69
2.988	1494	44	137	-5	80
2.99	1495	38	114	-4	60
2.992	1496	32	91	-3	61
2.994	1497	24	60	-1	41
2.996	1498	15	29	0	17
2.998	1499	6	0	1	9
3	1500	-3	-32	3	2
3.002	1501	-12	-63	5	-27
3.004	1502	-21	-91	6	-38
3.006	1503	-29	-116	7	-46
3.008	1504	-36	-138	8	-73
3.01	1505	-41	-153	9	-42
3.012	1506	-46	-165	9	-46
3.014	1507	-48	-168	9	-90
3.016	1508	-49	-168	9	-82
3.018	1509	-48	-159	8	-78
3.02	1510	-45	-145	7	-91
3.022	1511	-41	-128	6	-57
3.024	1512	-35	-105	5	-66
3.026	1513	-28	-80	4	-73
3.028	1514	-19	-49	3	-15
3.03	1515	-10	-15	1	-13
3.032	1516	-1	14	0	0
3.034	1517	8	46	-2	10
3.036	1518	17	74	-3	19
3.038	1519	25	102	-5	30
3.04	1520	33	127	-6	69
3.042	1521	40	148	-7	62
3.044	1522	45	160	-7	55
3.046	1523	48	166	-7	65
3.048	1524	50	169	-7	103
3.05	1525	50	166	-7	100
3.052	1526	48	154	-6	92
3.054	1527	44	137	-5	78
3.056	1528	39	117	-4	70
3.058	1529	32	91	-3	68
3.06	1530	24	63	-2	53
3.062	1531	15	32	-1	12
3.064	1532	6	0	1	9
3.066	1533	-3	-29	2	-8
3.068	1534	-12	-58	3	-3
3.07	1535	-21	-89	5	-34
3.072	1536	-30	-117	6	-49
3.074	1537	-37	-139	7	-74
3.076	1538	-42	-154	8	-86
3.078	1539	-46	-163	8	-36
3.08	1540	-49	-169	8	-106
3.082	1541	-49	-163	7	-85
3.084	1542	-47	-154	7	-110
3.086	1543	-44	-140	6	-76
3.088	1544	-39	-120	5	-73
3.09	1545	-33	-97	4	-50
3.092	1546	-25	-69	3	-80
3.094	1547	-16	-38	2	-36
3.096	1548	-7	-5	0	-2
3.098	1549	2	24	-1	-5
3.1	1550	12	59	-3	13
3.102	1551	21	87	-4	23
3.104	1552	29	115	-6	35
3.106	1553	36	134	-6	90
3.108	1554	42	152	-7	88
3.11	1555	47	164	-7	45
3.112	1556	49	170	-8	81
3.114	1557	50	170	-8	107
3.116	1558	49	164	-8	116
3.118	1559	46	150	-7	107
3.12	1560	41	130	-6	77
3.122	1561	34	104	-5	52
3.124	1562	27	79	-4	92
3.126	1563	18	48	-3	48
3.128	1564	8	11	-1	14
3.13	1565	0	-15	0	-8
3.132	1566	-10	-47	1	-20
3.134	1567	-19	-78	3	-18
3.136	1568	-28	-106	4	-31
3.138	1569	-35	-128	5	-90
3.14	1570	-41	-146	6	-96
3.142	1571	-46	-158	6	-59
3.144	1572	-48	-161	6	-67
3.146	1573	-49	-161	6	-110
3.148	1574	-48	-155	6	-113
3.15	1575	-44	-138	5	-113
3.152	1576	-39	-118	4	-83
3.154	1577	-33	-95	3	-51
3.156	1578	-25	-67	2	-78
3.158	1579	-16	-36	1	-70
3.16	1580	-6	-3	0	-16
3.162	1581	3	29	-2	1
3.164	1582	12	58	-3	28
3.166	1583	22	89	-4	16
3.168	1584	30	117	-6	26
3.17	1585	37	136	-6	67
3.172	1586	43	154	-7	121
3.174	1587	47	163	-7	49
3.176	1588	50	169	-7	87
3.178	1589	50	166	-7	100
3.18	1590	48	154	-6	124
3.182	1591	44	140	-6	134
3.184	1592	39	120	-5	101
3.186	1593	32	94	-4	40
3.188	1594	24	66	-3	84
3.19	1595	15	35	-2	65
3.192	1596	5	0	0	17
3.194	1597	-4	-29	1	-8
3.196	1598	-14	-61	2	-44
3.198	1599	-23	-92	4	-39
3.2	1600	-32	-120	5	-10
3.202	1601	-38	-138	6	-90
3.204	1602	-44	-153	6	-113
3.206	1603	-47	-159	6	-66
3.208	1604	-49	-162	6	-103
3.21	1605	-48	-156	6	-96
3.212	1606	-46	-145	5	-118
3.214	1607	-42	-128	4	-137
3.216	1608	-36	-108	4	-99
3.218	1609	-28	-80	3	-40
3.22	1610	-19	-46	1	-74
3.222	1611	-10	-15	0	-48
3.224	1612	0	17	-1	-24
3.226	1613	10	49	-2	-2
3.228	1614	19	80	-4	44
3.23	1615	28	108	-5	42
3.232	1616	36	133	-6	23
3.234	1617	42	148	-6	89
3.236	1618	47	163	-7	110
3.238	1619	49	166	-7	91
3.24	1620	50	166	-7	131
3.242	1621	48	157	-7	109
3.244	1622	45	143	-6	119
3.246	1623	40	123	-5	156
3.248	1624	33	100	-5	95
3.25	1625	24	69	-4	57
3.252	1626	15	35	-2	72
3.254	1627	5	2	-1	29
3.256	1628	-4	-27	0	23
3.258	1629	-14	-59	1	-3
3.26	1630	-24	-93	3	-50
3.262	1631	-32	-118	4	-54
3.264	1632	-39	-139	5	-41
3.266	1633	-44	-151	5	-122
3.268	1634	-48	-160	5	-58
3.27	1635	-49	-160	5	-124
3.272	1636	-48	-154	5	-127
3.274	1637	-45	-140	4	-126
3.276	1638	-41	-126	4	-110
3.278	1639	-34	-100	3	-143
3.28	1640	-26	-72	2	-67
3.282	1641	-17	-41	1	-79
3.284	1642	-7	-7	0	-59
3.286	1643	3	25	-1	-13
3.288	1644	13	57	-2	-16
3.29	1645	22	88	-4	12
3.292	1646	31	116	-5	59
3.294	1647	38	138	-6	51
3.296	1648	44	153	-6	90
3.298	1649	48	162	-6	128
3.3	1650	50	165	-6	87
3.302	1651	50	159	-5	136
3.304	1652	47	148	-5	148
3.306	1653	43	131	-4	131
3.308	1654	36	108	-4	135
3.31	1655	28	82	-4	123
3.312	1656	19	48	-2	62
3.314	1657	9	14	-1	94
3.316	1658	0	-15	0	35
3.318	1659	-10	-47	1	1
3.32	1660	-20	-78	2	-4
3.322	1661	-29	-106	3	-38
3.324	1662	-37	-131	4	-71
3.326	1663	-43	-149	5	-59
3.328	1664	-47	-158	5	-150
3.33	1665	-49	-161	5	-74
3.332	1666	-49	-158	5	-127
3.334	1667	-46	-144	4	-132
3.336	1668	-42	-130	4	-166
3.338	1669	-36	-107	3	-132
3.34	1670	-28	-78	2	-141
3.342	1671	-18	-44	1	-70
3.344	1672	-8	-10	0	-84
3.346	1673	1	19	-1	-77
3.348	1674	11	51	-2	-15
3.35	1675	21	82	-3	3
3.352	1676	30	110	-4	36
3.354	1677	38	135	-5	61
3.356	1678	44	150	-5	63
3.358	1679	48	162	-6	112
3.36	1680	50	165	-6	133
3.362	1681	50	162	-6	110
3.364	1682	47	148	-5	153
3.366	1683	42	131	-5	158
3.368	1684	36	108	-4	155
3.37	1685	28	80	-3	159
3.372	1686	18	46	-2	126
3.374	1687	8	12	-1	60
3.376	1688	-1	-17	0	85
3.378	1689	-12	-52	1	28
3.38	1690	-22	-83	2	7
3.382	1691	-31	-111	3	-36
3.384	1692	-38	-133	4	-57
3.386	1693	-44	-151	5	-85
3.388	1694	-47	-157	5	-99
3.39	1695	-49	-160	5	-117
3.392	1696	-48	-151	4	-94
3.394	1697	-45	-140	4	-175
3.396	1698	-40	-120	3	-168
3.398	1699	-33	-97	3	-169
3.4	1700	-25	-69	2	-159
3.402	1701	-15	-35	1	-140
3.404	1702	-4	0	0	-80
3.406	1703	5	29	-1	-90
3.408	1704	16	64	-2	-36
3.41	1705	25	92	-3	-14
3.412	1706	34	120	-4	34
3.414	1707	41	142	-5	53
3.416	1708	46	154	-5	88
3.418	1709	49	160	-5	90
3.42	1710	50	160	-5	168
3.422	1711	48	151	-5	105
3.424	1712	45	137	-4	182
3.426	1713	39	114	-3	171
3.428	1714	31	88	-3	200
3.43	1715	22	57	-2	166
3.432	1716	12	23	-1	167
3.434	1717	1	-12	0	82
3.436	1718	-8	-41	1	89
3.438	1719	-19	-75	2	39
3.44	1720	-28	-103	3	-5
3.442	1721	-36	-125	3	-25
3.444	1722	-42	-143	4	-85
3.446	1723	-47	-158	5	-90
3.448	1724	-49	-161	5	-95
3.45	1725	-49	-158	5	-154
3.452	1726	-46	-144	4	-93
3.454	1727	-41	-127	4	-205
3.456	1728	-34	-101	3	-172
3.458	1729	-26	-73	2	-211
3.46	1730	-16	-39	1	-179
3.462	1731	-6	-5	0	-172
3.464	1732	4	27	-1	-97
3.466	1733	15	62	-2	-95
3.468	1734	25	93	-3	-57
3.47	1735	34	118	-3	7
3.472	1736	41	140	-4	34
3.474	1737	46	152	-4	72
3.476	1738	49	158	-4	82
3.478	1739	50	158	-4	102
3.48	1740	48	146	-3	175
3.482	1741	44	129	-2	129
3.484	1742	38	109	-2	208
3.486	1743	30	80	-1	192
3.488	1744	21	49	0	212
3.49	1745	11	15	1	200
3.492	1746	0	-20	2	191
3.494	1747	-10	-52	3	100
3.496	1748	-20	-80	3	91
3.498	1749	-30	-111	4	19
3.5	1750	-38	-133	4	-6
3.502	1751	-44	-148	4	-48
3.504	1752	-47	-157	5	-97
3.506	1753	-49	-157	4	-111
3.508	1754	-48	-151	4	-107
3.51	1755	-45	-137	3	-167
3.512	1756	-39	-114	2	-113
3.514	1757	-32	-91	2	-221
3.516	1758	-23	-60	1	-210
3.518	1759	-13	-26	0	-226
3.52	1760	-2	9	-1	-205
3.522	1761	8	41	-2	-197
3.524	1762	19	75	-3	-110
3.526	1763	29	106	-4	-110
3.528	1764	37	128	-4	-39
3.53	1765	43	143	-4	15
3.532	1766	48	155	-4	80
3.534	1767	50	161	-5	86
3.536	1768	49	155	-5	116
3.538	1769	47	144	-4	133
3.54	1770	41	121	-3	173
3.542	1771	34	95	-2	168
3.544	1772	25	64	-1	223
3.546	1773	15	30	0	218
3.548	1774	4	-5	1	216
3.55	1775	-6	-37	2	218
3.552	1776	-17	-68	2	186
3.554	1777	-27	-99	3	96
3.556	1778	-35	-121	3	86
3.558	1779	-42	-142	4	-12
3.56	1780	-47	-154	4	-37
3.562	1781	-49	-160	5	-99
3.564	1782	-49	-157	5	-134
3.566	1783	-46	-143	4	-157
3.568	1784	-41	-123	3	-207
3.57	1785	-34	-100	3	-138
3.572	1786	-25	-66	1	-186
3.574	1787	-15	-32	0	-224
3.576	1788	-4	3	-1	-233
3.578	1789	7	35	-1	-232
3.58	1790	18	69	-2	-231
3.582	1791	28	100	-3	-179
3.584	1792	36	122	-3	-125
3.586	1793	43	141	-3	-102
3.588	1794	48	153	-3	14
3.59	1795	50	153	-2	55
3.592	1796	50	150	-2	120
3.594	1797	47	139	-2	118
3.596	1798	41	116	-1	162
3.598	1799	34	90	0	206
3.6	1800	25	59	1	175
3.602	1801	15	25	2	211
3.604	1802	4	-10	3	232
3.606	1803	-7	-45	4	237
3.608	1804	-18	-79	5	228
3.61	1805	-28	-107	5	208
3.612	1806	-36	-129	5	121
3.614	1807	-43	-147	5	73
3.616	1808	-47	-153	4	18
3.618	1809	-49	-156	4	-36
3.62	1810	-48	-147	3	-88
3.622	1811	-45	-133	2	-118
3.624	1812	-39	-110	1	-175
3.626	1813	-32	-84	0	-195
3.628	1814	-22	-50	-1	-183
3.63	1815	-12	-16	-2	-143
3.632	1816	-1	19	-3	-233
3.634	1817	10	54	-4	-233
3.636	1818	21	88	-5	-234
3.638	1819	30	113	-5	-233
3.64	1820	39	141	-6	-176
3.642	1821	45	156	-6	-120
3.644	1822	49	165	-6	-107
3.646	1823	50	162	-5	0
3.648	1824	49	153	-4	65
3.65	1825	45	139	-4	127
3.652	1826	39	116	-3	127
3.654	1827	30	81	-1	156
3.656	1828	21	53	-1	171
3.658	1829	10	16	0	200
3.66	1830	-1	-22	2	212
3.662	1831	-12	-57	3	237
3.664	1832	-23	-88	3	220
3.666	1833	-32	-116	4	237
3.668	1834	-40	-138	4	225
3.67	1835	-45	-150	4	129
3.672	1836	-48	-156	4	26
3.674	1837	-49	-153	3	-33
3.676	1838	-47	-142	2	-79
3.678	1839	-42	-122	1	-60
3.68	1840	-35	-99	1	-133
3.682	1841	-26	-68	0	-149
3.684	1842	-15	-31	-1	-176
3.686	1843	-4	7	-3	-222
3.688	1844	6	39	-4	-119
3.69	1845	18	73	-4	-233
3.692	1846	28	104	-5	-233
3.694	1847	37	129	-5	-233
3.696	1848	44	148	-5	-234
3.698	1849	48	157	-5	-194
3.7	1850	50	157	-4	-71
3.702	1851	49	151	-4	-98
3.704	1852	46	134	-2	15
3.706	1853	40	111	-1	128
3.708	1854	32	82	0	111
3.71	1855	22	48	1	142
3.712	1856	11	11	2	124
3.714	1857	0	-24	3	131
3.716	1858	-11	-59	4	209
3.718	1859	-22	-93	5	210
3.72	1860	-32	-124	6	234
3.722	1861	-40	-145	6	216
3.724	1862	-45	-154	5	238
3.726	1863	-48	-160	5	186
3.728	1864	-49	-157	4	115
3.73	1865	-47	-145	3	-8
3.732	1866	-42	-125	2	-54
3.734	1867	-35	-99	1	-63
3.736	1868	-25	-65	0	-88
3.738	1869	-15	-28	-2	-117
3.74	1870	-3	10	-3	-121
3.742	1871	7	42	-4	-177
3.744	1872	19	79	-5	-159
3.746	1873	29	110	-6	-102
3.748	1874	38	138	-7	-233
3.75	1875	44	153	-7	-233
3.752	1876	49	165	-7	-233
3.754	1877	50	162	-6	-233
3.756	1878	49	156	-6	-118
3.758	1879	45	139	-5	-42
3.76	1880	38	110	-3	-84
3.762	1881	30	82	-2	82
3.764	1882	19	42	0	155
3.766	1883	8	6	1	117
3.768	1884	-3	-29	2	109
3.77	1885	-14	-63	3	73
3.772	1886	-25	-97	4	134
3.774	1887	-34	-125	5	177
3.776	1888	-42	-149	6	199
3.778	1889	-47	-161	6	214
3.78	1890	-49	-161	5	212
3.782	1891	-48	-155	5	218
3.784	1892	-45	-141	4	182
3.786	1893	-39	-118	3	80
3.788	1894	-31	-86	1	-35
3.79	1895	-21	-52	0	-60
3.792	1896	-10	-12	-2	-35
3.794	1897	1	23	-3	-114
3.796	1898	13	61	-4	-41
3.798	1899	24	95	-5	-117
3.8	1900	0	24	-6	-143
3.802	1901	0	26	-7	-59
3.804	1902	0	25	-7	-164
3.806	1903	0	24	-7	-208
3.808	1904	0	23	-7	-233
3.81	1905	0	22	-7	-228
3.812	1906	0	21	-7	-186
3.814	1907	0	17	-6	-54
3.816	1908	0	16	-6	-80
3.818	1909	0	15	-6	-22
3.82	1910	0	11	-5	87
3.822	1911	0	10	-5	87
3.824	1912	0	9	-5	115
3.826	1913	0	9	-5	71
3.828	1914	0	9	-5	32
3.83	1915	0	6	-4	165
3.832	1916	0	6	-4	137
3.834	1917	0	6	-4	206
3.836	1918	0	6	-4	174
3.838	1919	0	6	-4	212
3.84	1920	0	6	-4	237
3.842	1921	0	6	-4	186
3.844	1922	0	9	-5	96
3.846	1923	0	9	-5	-3
3.848	1924	0	9	-5	10
3.85	1925	0	9	-5	-30
3.852	1926	0	9	-5	-40
3.854	1927	0	6	-4	-79
3.856	1928	0	6	-4	-67
3.858	1929	0	6	-4	-78
3.86	1930	0	3	-3	-122
3.862	1931	0	3	-3	-82
3.864	1932	0	3	-3	-203
3.866	1933	0	0	-2	-213
3.868	1934	0	0	-2	-226
3.87	1935	0	-2	-1	-165
3.872	1936	0	-1	-1	-157
3.874	1937	0	-3	0	-64
3.876	1938	0	-2	0	-59
3.878	1939	0	-4	1	30
3.88	1940	0	-3	1	87
3.882	1941	0	-2	1	71
3.884	1942	0	-1	1	56
3.886	1943	0	-1	1	59
3.888	1944	0	-1	1	90
3.89	1945	0	-1	1	146
3.892	1946	0	-1	1	132
3.894	1947	0	-1	1	172
3.896	1948	0	-1	1	201
3.898	1949	0	1	0	214
3.9	1950	0	0	0	178
3.902	1951	0	0	0	110
3.904	1952	0	0	0	14
3.906	1953	0	2	-1	-18
3.908	1954	0	1	-1	-41
3.91	1955	0	1	-1	-69
3.912	1956	0	1	-1	-90
3.914	1957	0	-1	0	-77
3.916	1958	0	0	0	-61
3.918	1959	0	0	0	-83
3.92	1960	0	0	0	-104
3.922	1961	0	0	0	-123
3.924	1962	0	0	0	-206
3.926	1963	0	0	0	-171
3.928	1964	0	-2	1	-144
3.93	1965	0	-1	1	-133
3.932	1966	0	-1	1	-71
3.934	1967	0	-1	1	15
3.936	1968	0	-4	2	25
3.938	1969	0	-3	2	95
3.94	1970	0	-3	2	70
3.942	1971	0	-3	2	50
3.944	1972	0	-3	2	88
3.946	1973	0	-3	2	82
3.948	1974	0	-3	2	104
3.95	1975	0	-3	2	113
3.952	1976	0	0	1	158
3.954	1977	0	0	1	172
3.956	1978	0	0	1	190
3.958	1979	0	2	0	122
3.96	1980	0	1	0	73
3.962	1981	0	0	0	-3
3.964	1982	0	0	0	-16
3.966	1983	0	2	-1	-75
3.968	1984	0	1	-1	-61
3.97	1985	0	1	-1	-96
3.972	1986	0	-1	0	-51
3.974	1987	0	0	0	-58
3.976	1988	0	0	0	-88
3.978	1989	0	0	0	-84
3.98	1990	0	0	0	-93
3.982	1991	0	0	0	-147
3.984	1992	0	0	0	-137
3.986	1993	0	-2	1	-114
3.988	1994	0	-1	1	-103
3.99	1995	0	-1	1	-20
3.992	1996	0	-1	1	37
3.994	1997	0	-1	1	28
3.996	1998	0	-1	1	88
3.998	1999	0	-1	1	79
