#SLFR RTP OL_Test
#t	n	u	v	$\theta$	a
0	0	0	0	0	5
0.002	1	0	0	0	5
0.004	2	0	0	0	5
0.006	3	0	0	0	5
0.008	4	0	0	0	5
0.01	5	0	0	0	5
0.012	6	0	0	0	4
0.014	7	0	0	0	4
0.016	8	0	0	0	5
0.018	9	0	0	0	5
0.02	10	0	0	0	5
0.022	11	0	0	0	5
0.024	12	0	0	0	3
0.026	13	1	2	0	4
0.028	14	1	1	0	4
0.03	15	1	1	0	5
0.032	16	1	1	0	4
0.034	17	1	1	0	4
0.036	18	1	1	0	4
0.038	19	1	1	0	4
0.04	20	1	1	0	4
0.042	21	1	1	0	4
0.044	22	2	4	0	5
0.046	23	2	3	0	4
0.048	24	2	3	0	4
0.05	25	2	3	0	4
0.052	26	2	3	0	5
0.054	27	2	3	0	5
0.056	28	2	3	0	4
0.058	29	3	6	0	5
0.06	30	3	5	0	5
0.062	31	3	5	0	4
0.064	32	3	5	0	4
0.066	33	3	5	0	5
0.068	34	4	8	0	5
0.07	35	4	7	0	4
0.072	36	4	7	0	5
0.074	37	4	7	0	4
0.076	38	5	10	0	4
0.078	39	5	9	0	5
0.08	40	5	9	0	5
0.082	41	5	9	0	5
0.084	42	6	12	0	5
0.086	43	6	11	0	4
0.088	44	6	8	1	5
0.09	45	6	8	1	3
0.092	46	7	11	1	5
0.094	47	7	11	1	5
0.096	48	7	11	1	1
0.098	49	8	14	1	6
0.1	50	8	13	1	6
0.102	51	8	13	1	7
0.104	52	8	13	1	6
0.106	53	9	13	2	5
0.108	54	9	13	2	3
0.11	55	9	13	2	5
0.112	56	10	16	2	4
0.114	57	10	15	2	3
0.116	58	10	15	2	4
0.118	59	11	15	3	4
0.12	60	11	15	3	4
0.122	61	12	18	3	5
0.124	62	12	17	3	1
0.126	63	12	17	3	1
0.128	64	13	17	4	2
0.13	65	13	17	4	0
0.132	66	14	20	4	-1
0.134	67	14	19	4	-1
0.136	68	14	16	5	0
0.138	69	15	19	5	2
0.14	70	15	19	5	2
0.142	71	16	21	5	-1
0.144	72	16	18	6	0
0.146	73	16	18	6	2
0.148	74	17	21	6	1
0.15	75	17	21	6	0
0.152	76	18	21	7	0
0.154	77	18	21	7	0
0.156	78	19	23	7	2
0.158	79	19	23	7	2
0.16	80	20	23	8	0
0.162	81	20	23	8	2
0.164	82	21	25	8	1
0.166	83	21	25	8	0
0.168	84	21	22	9	1
0.17	85	22	25	9	-1
0.172	86	22	25	9	-2
0.174	87	23	25	10	1
0.176	88	23	25	10	0
0.178	89	24	27	10	-1
0.18	90	24	24	11	-1
0.182	91	25	27	11	-2
0.184	92	25	27	11	-3
0.186	93	26	27	12	-2
0.188	94	26	27	12	-5
0.19	95	27	29	12	-5
0.192	96	27	26	13	-3
0.194	97	28	29	13	-3
0.196	98	28	29	13	-3
0.198	99	29	29	14	-2
0.2	100	29	29	14	-4
0.202	101	30	29	15	-3
0.204	102	30	29	15	-1
0.206	103	31	31	15	-4
0.208	104	31	28	16	-4
0.21	105	32	31	16	-2
0.212	106	32	31	16	-3
0.214	107	33	31	17	-3
0.216	108	33	31	17	-1
0.218	109	34	31	18	-3
0.22	110	34	31	18	-1
0.222	111	35	31	19	-2
0.224	112	35	31	19	-3
0.226	113	36	33	19	-2
0.228	114	36	30	20	-2
0.23	115	37	33	20	-4
0.232	116	37	30	21	-2
0.234	117	38	33	21	-3
0.236	118	38	30	22	-4
0.238	119	39	33	22	-2
0.24	120	39	33	22	-4
0.242	121	40	33	23	-5
0.244	122	40	33	23	-5
0.246	123	41	33	24	-4
0.248	124	41	33	24	-6
0.25	125	42	33	25	-3
0.252	126	42	33	25	-5
0.254	127	42	30	26	-3
0.256	128	43	33	26	-3
0.258	129	43	30	27	-4
0.26	130	44	33	27	-3
0.262	131	44	30	28	-3
0.264	132	44	30	28	-4
0.266	133	45	30	29	-4
0.268	134	45	30	29	-1
0.27	135	46	33	29	-4
0.272	136	46	30	30	0
0.274	137	46	30	30	-2
0.276	138	47	30	31	-1
0.278	139	47	30	31	-3
0.28	140	47	27	32	1
0.282	141	47	27	32	-5
0.284	142	48	27	33	1
0.286	143	48	27	33	-5
0.288	144	48	24	34	0
0.29	145	48	24	34	-4
0.292	146	49	24	35	1
0.294	147	49	24	35	-5
0.296	148	49	21	36	3
0.298	149	49	21	36	-3
0.3	150	49	21	36	1
0.302	151	50	21	37	-4
0.304	152	50	21	37	0
0.306	153	50	18	38	-3
0.308	154	50	18	38	0
0.31	155	50	18	38	-2
0.312	156	50	15	39	1
0.314	157	50	15	39	2
0.316	158	50	12	40	2
0.318	159	50	12	40	3
0.32	160	50	12	40	2
0.322	161	50	9	41	2
0.324	162	50	9	41	3
0.326	163	50	9	41	4
0.328	164	50	6	42	2
0.33	165	50	6	42	5
0.332	166	49	3	42	3
0.334	167	49	0	43	6
0.336	168	49	0	43	6
0.338	169	49	0	43	5
0.34	170	48	-5	44	6
0.342	171	48	-4	44	6
0.344	172	48	-3	44	6
0.346	173	48	-2	44	6
0.348	174	47	-7	45	16
0.35	175	47	-6	45	5
0.352	176	46	-8	45	7
0.354	177	46	-7	45	4
0.356	178	46	-6	45	5
0.358	179	45	-8	45	6
0.36	180	45	-7	45	9
0.362	181	44	-9	45	6
0.364	182	44	-11	46	8
0.366	183	43	-13	46	14
0.368	184	42	-15	46	10
0.37	185	42	-14	46	11
0.372	186	41	-16	46	11
0.374	187	40	-18	46	9
0.376	188	40	-17	46	15
0.378	189	39	-19	46	16
0.38	190	38	-21	46	13
0.382	191	38	-20	46	17
0.384	192	37	-22	46	19
0.386	193	36	-24	46	18
0.388	194	35	-26	46	20
0.39	195	34	-28	46	18
0.392	196	33	-30	46	17
0.394	197	32	-32	46	21
0.396	198	31	-34	46	19
0.398	199	30	-36	46	19
0.4	200	29	-38	46	20
0.402	201	28	-40	46	21
0.404	202	27	-42	46	21
0.406	203	26	-44	46	22
0.408	204	25	-46	46	19
0.41	205	24	-45	45	17
0.412	206	23	-47	45	20
0.414	207	22	-49	45	19
0.416	208	20	-54	45	17
0.418	209	19	-56	45	18
0.42	210	18	-55	44	18
0.422	211	17	-57	44	21
0.424	212	16	-59	44	23
0.426	213	14	-61	43	21
0.428	214	13	-63	43	21
0.43	215	12	-65	43	23
0.432	216	10	-67	42	22
0.434	217	9	-69	42	23
0.436	218	8	-68	41	25
0.438	219	6	-73	41	24
0.44	220	5	-72	40	30
0.442	221	4	-74	40	29
0.444	222	2	-76	39	31
0.446	223	1	-75	38	28
0.448	224	0	-77	38	28
0.45	225	-1	-76	37	29
0.452	226	-2	-75	36	29
0.454	227	-4	-80	36	29
0.456	228	-5	-79	35	27
0.458	229	-7	-81	34	30
0.46	230	-8	-83	34	29
0.462	231	-10	-85	33	30
0.464	232	-11	-84	32	29
0.466	233	-12	-83	31	29
0.468	234	-14	-86	30	29
0.47	235	-15	-85	29	29
0.472	236	-17	-90	29	31
0.474	237	-18	-89	28	28
0.476	238	-19	-89	27	28
0.478	239	-21	-92	26	29
0.48	240	-22	-91	25	31
0.482	241	-23	-91	24	32
0.484	242	-25	-94	23	31
0.486	243	-26	-93	22	30
0.488	244	-27	-93	21	33
0.49	245	-29	-96	20	32
0.492	246	-30	-95	19	33
0.494	247	-31	-95	18	32
0.496	248	-32	-95	17	30
0.498	249	-33	-95	16	34
0.5	250	-34	-95	15	32
0.502	251	-36	-95	13	36
0.504	252	-37	-95	12	32
0.506	253	-38	-95	11	30
0.508	254	-39	-95	10	37
0.51	255	-40	-95	9	30
0.512	256	-40	-92	8	32
0.514	257	-41	-89	6	28
0.516	258	-42	-89	5	30
0.518	259	-43	-89	4	31
0.52	260	-44	-89	3	30
0.522	261	-44	-86	2	29
0.524	262	-45	-83	0	29
0.526	263	-46	-83	-1	29
0.528	264	-46	-80	-2	26
0.53	265	-47	-80	-3	30
0.532	266	-47	-77	-4	28
0.534	267	-48	-77	-5	24
0.536	268	-48	-74	-6	27
0.538	269	-48	-68	-8	29
0.54	270	-49	-68	-9	30
0.542	271	-49	-65	-10	24
0.544	272	-49	-62	-11	29
0.546	273	-49	-59	-12	27
0.548	274	-49	-56	-13	27
0.55	275	-49	-53	-14	26
0.552	276	-49	-50	-15	24
0.554	277	-49	-47	-16	24
0.556	278	-48	-41	-17	23
0.558	279	-48	-38	-18	24
0.56	280	-48	-35	-19	21
0.562	281	-47	-32	-19	21
0.564	282	-47	-29	-20	20
0.566	283	-46	-23	-21	18
0.568	284	-46	-21	-22	17
0.57	285	-45	-19	-22	14
0.572	286	-44	-14	-23	13
0.574	287	-44	-12	-24	11
0.576	288	-43	-10	-24	10
0.578	289	-42	-5	-25	9
0.58	290	-41	-3	-25	7
0.582	291	-40	1	-26	8
0.584	292	-39	2	-26	7
0.586	293	-38	3	-26	5
0.588	294	-37	7	-27	1
0.59	295	-35	11	-27	-2
0.592	296	-34	12	-27	1
0.594	297	-33	16	-28	-3
0.596	298	-31	20	-28	0
0.598	299	-30	24	-29	-3
0.6	300	-28	28	-29	-4
0.602	301	-27	29	-29	-23
0.604	302	-25	33	-29	-14
0.606	303	-23	37	-29	-11
0.608	304	-22	38	-29	-7
0.61	305	-20	43	-29	-9
0.612	306	-18	47	-29	-5
0.614	307	-17	45	-28	-17
0.616	308	-15	50	-28	-7
0.618	309	-13	54	-28	-14
0.62	310	-11	58	-28	-26
0.622	311	-9	62	-28	-21
0.624	312	-7	66	-28	-27
0.626	313	-5	70	-28	-23
0.628	314	-3	74	-28	-23
0.63	315	-1	78	-28	-24
0.632	316	0	77	-27	-31
0.634	317	2	82	-27	-25
0.636	318	4	86	-27	-36
0.638	319	6	90	-27	-42
0.64	320	8	94	-27	-44
0.642	321	10	95	-26	-47
0.644	322	12	99	-26	-46
0.646	323	14	103	-26	-42
0.648	324	16	104	-25	-49
0.65	325	17	106	-25	-45
0.652	326	19	111	-25	-45
0.654	327	21	112	-24	-47
0.656	328	23	117	-24	-48
0.658	329	25	118	-23	-52
0.66	330	27	123	-23	-57
0.662	331	28	124	-23	-52
0.664	332	30	126	-22	-57
0.666	333	32	128	-21	-52
0.668	334	33	130	-21	-52
0.67	335	35	132	-20	-52
0.672	336	36	134	-20	-50
0.674	337	38	136	-19	-46
0.676	338	39	135	-18	-50
0.678	339	40	137	-18	-54
0.68	340	42	139	-17	-55
0.682	341	43	138	-16	-58
0.684	342	44	137	-15	-57
0.686	343	45	139	-15	-56
0.688	344	46	138	-14	-61
0.69	345	47	137	-13	-57
0.692	346	47	133	-12	-56
0.694	347	48	132	-11	-54
0.696	348	49	131	-10	-58
0.698	349	49	130	-10	-62
0.7	350	49	126	-9	-65
0.702	351	50	125	-8	-65
0.704	352	50	121	-7	-64
0.706	353	50	117	-6	-68
0.708	354	50	113	-5	-66
0.71	355	50	112	-5	-65
0.712	356	50	108	-4	-62
0.714	357	49	101	-3	-62
0.716	358	49	98	-2	-59
0.718	359	48	95	-2	-64
0.72	360	48	92	-1	-59
0.722	361	47	89	-1	-64
0.724	362	46	83	0	-63
0.726	363	45	80	0	-62
0.728	364	44	74	1	-61
0.73	365	43	71	1	-55
0.732	366	42	65	2	-49
0.734	367	41	62	2	-48
0.736	368	40	59	2	-45
0.738	369	38	50	3	-42
0.74	370	37	47	3	-42
0.742	371	35	41	3	-42
0.744	372	33	35	3	-39
0.746	373	31	29	3	-42
0.748	374	30	27	3	-38
0.75	375	28	22	3	-31
0.752	376	26	17	3	-28
0.754	377	24	12	3	-25
0.756	378	21	4	3	-23
0.758	379	19	0	3	-21
0.76	380	17	-4	3	-20
0.762	381	15	-5	2	-18
0.764	382	12	-12	2	-21
0.766	383	10	-16	2	-16
0.768	384	8	-17	1	-14
0.77	385	5	-24	1	-8
0.772	386	3	-25	0	-5
0.774	387	0	-32	0	-6
0.776	388	-1	-33	0	-5
0.778	389	-3	-34	-1	0
0.78	390	-6	-41	-1	-2
0.782	391	-8	-42	-2	1
0.784	392	-11	-49	-2	1
0.786	393	-13	-50	-3	7
0.788	394	-15	-54	-3	7
0.79	395	-18	-58	-4	13
0.792	396	-20	-62	-4	7
0.794	397	-22	-63	-5	44
0.796	398	-24	-64	-6	35
0.798	399	-27	-71	-6	20
0.8	400	-29	-72	-7	19
0.802	401	-31	-73	-8	22
0.804	402	-32	-74	-8	20
0.806	403	-34	-75	-9	34
0.808	404	-36	-76	-10	32
0.81	405	-38	-80	-10	31
0.812	406	-39	-79	-11	52
0.814	407	-41	-81	-12	45
0.816	408	-42	-83	-12	49
0.818	409	-43	-82	-13	45
0.82	410	-44	-84	-13	47
0.822	411	-45	-83	-14	46
0.824	412	-46	-85	-14	55
0.826	413	-47	-84	-15	51
0.828	414	-48	-86	-15	55
0.83	415	-48	-85	-15	68
0.832	416	-49	-87	-15	70
0.834	417	-49	-83	-16	71
0.836	418	-49	-82	-16	82
0.838	419	-49	-81	-16	74
0.84	420	-49	-80	-16	79
0.842	421	-48	-76	-16	83
0.844	422	-48	-72	-17	76
0.846	423	-47	-68	-17	69
0.848	424	-47	-67	-17	72
0.85	425	-46	-63	-17	72
0.852	426	-45	-59	-17	80
0.854	427	-44	-55	-17	83
0.856	428	-42	-48	-17	84
0.858	429	-41	-45	-17	85
0.86	430	-39	-39	-17	87
0.862	431	-38	-39	-16	87
0.864	432	-36	-33	-16	81
0.866	433	-34	-27	-16	78
0.868	434	-32	-24	-15	75
0.87	435	-30	-18	-15	77
0.872	436	-28	-15	-14	79
0.874	437	-26	-9	-14	81
0.876	438	-23	-3	-13	80
0.878	439	-21	0	-12	85
0.88	440	-18	8	-12	83
0.882	441	-16	10	-11	85
0.884	442	-13	15	-10	80
0.886	443	-10	20	-9	75
0.888	444	-8	22	-8	73
0.89	445	-5	24	-6	74
0.892	446	-2	29	-5	75
0.894	447	0	31	-4	70
0.896	448	3	33	-2	73
0.898	449	5	35	-1	70
0.9	450	8	37	1	74
0.902	451	11	42	2	70
0.904	452	14	44	4	66
0.906	453	16	43	6	56
0.908	454	19	45	8	49
0.91	455	22	47	10	48
0.912	456	24	46	12	42
0.914	457	27	51	13	38
0.916	458	29	50	15	34
0.918	459	31	46	18	36
0.92	460	34	48	20	27
0.922	461	36	47	22	25
0.924	462	38	46	24	14
0.926	463	39	42	26	13
0.928	464	41	41	28	7
0.93	465	43	40	30	11
0.932	466	44	36	32	-1
0.934	467	46	35	34	-3
0.936	468	47	31	36	0
0.938	469	48	27	38	2
0.94	470	48	20	40	5
0.942	471	49	16	42	-5
0.944	472	50	15	43	-7
0.946	473	50	8	45	-10
0.948	474	50	5	46	-5
0.95	475	50	2	47	-12
0.952	476	50	-3	49	-11
0.954	477	49	-8	50	-5
0.956	478	49	-10	51	-30
0.958	479	48	-15	52	-18
0.96	480	47	-20	53	-16
0.962	481	46	-22	53	-21
0.964	482	45	-27	54	-22
0.966	483	43	-32	54	-20
0.968	484	42	-34	54	-37
0.97	485	40	-39	54	-30
0.972	486	38	-44	54	-34
0.974	487	36	-49	54	-47
0.976	488	34	-51	53	-42
0.978	489	31	-59	53	-45
0.98	490	29	-61	52	-45
0.982	491	26	-69	52	-43
0.984	492	24	-71	51	-46
0.986	493	21	-76	50	-49
0.988	494	18	-81	49	-41
0.99	495	15	-86	48	-45
0.992	496	12	-91	47	-47
0.994	497	9	-93	45	-41
0.996	498	6	-98	44	-45
0.998	499	3	-100	42	-37
1	500	0	-102	40	-36
1.002	501	-3	-104	38	-39
1.004	502	-6	-106	36	-34
1.006	503	-9	-108	34	-25
1.008	504	-12	-110	32	-17
1.01	505	-15	-109	29	-16
1.012	506	-18	-111	27	-17
1.014	507	-21	-113	25	-24
1.016	508	-24	-112	22	-11
1.018	509	-26	-108	19	-9
1.02	510	-29	-110	17	-13
1.022	511	-31	-106	14	-13
1.024	512	-34	-105	11	-11
1.026	513	-36	-101	8	-7
1.028	514	-38	-97	5	0
1.03	515	-40	-96	3	-14
1.032	516	-42	-95	1	-14
1.034	517	-43	-88	-2	-9
1.036	518	-45	-84	-5	3
1.038	519	-46	-77	-8	5
1.04	520	-47	-70	-11	1
1.042	521	-48	-67	-13	5
1.044	522	-48	-58	-16	7
1.046	523	-49	-55	-18	20
1.048	524	-49	-49	-20	15
1.05	525	-49	-40	-23	13
1.052	526	-49	-34	-25	12
1.054	527	-48	-25	-27	37
1.056	528	-47	-16	-29	31
1.058	529	-47	-10	-31	29
1.06	530	-45	1	-33	22
1.062	531	-44	8	-35	25
1.064	532	-43	12	-36	38
1.066	533	-41	22	-38	40
1.068	534	-39	29	-39	30
1.07	535	-37	36	-40	28
1.072	536	-34	46	-41	44
1.074	537	-32	53	-42	41
1.076	538	-29	60	-42	44
1.078	539	-27	67	-43	33
1.08	540	-24	74	-43	28
1.082	541	-21	81	-43	40
1.084	542	-18	88	-43	37
1.086	543	-14	98	-43	31
1.088	544	-11	105	-43	27
1.09	545	-8	109	-42	29
1.092	546	-4	116	-41	31
1.094	547	-1	120	-40	28
1.096	548	1	121	-39	21
1.098	549	5	128	-38	3
1.1	550	8	132	-37	15
1.102	551	12	136	-35	11
1.104	552	15	140	-34	10
1.106	553	18	141	-32	-1
1.108	554	21	142	-30	6
1.11	555	25	149	-29	5
1.112	556	28	147	-26	10
1.114	557	30	145	-24	-1
1.116	558	33	146	-22	-27
1.118	559	36	147	-20	-8
1.12	560	38	142	-17	-10
1.122	561	40	140	-15	-7
1.124	562	42	135	-12	-10
1.126	563	44	133	-10	-20
1.128	564	46	128	-7	-13
1.13	565	47	124	-5	1
1.132	566	48	117	-2	-29
1.134	567	49	113	0	-25
1.136	568	50	106	3	-36
1.138	569	50	99	5	-34
1.14	570	50	92	7	-37
1.142	571	50	82	10	-37
1.144	572	49	72	12	-49
1.146	573	49	66	14	-48
1.148	574	48	57	16	-45
1.15	575	47	51	17	-51
1.152	576	45	39	19	-52
1.154	577	44	33	20	-69
1.156	578	42	24	21	-65
1.158	579	40	15	22	-66
1.16	580	37	3	23	-67
1.162	581	35	-4	24	-75
1.164	582	32	-14	25	-76
1.166	583	29	-21	25	-69
1.168	584	26	-28	25	-65
1.17	585	23	-35	25	-69
1.172	586	20	-42	25	-72
1.174	587	16	-52	25	-78
1.176	588	13	-56	24	-69
1.178	589	9	-66	24	-67
1.18	590	5	-73	23	-71
1.182	591	2	-77	22	-69
1.184	592	-1	-81	21	-61
1.186	593	-5	-88	20	-49
1.188	594	-8	-92	19	-42
1.19	595	-12	-96	17	-45
1.192	596	-16	-100	15	-45
1.194	597	-19	-104	14	-39
1.196	598	-22	-105	12	-32
1.198	599	-26	-109	10	-27
1.2	600	-29	-110	8	-24
1.202	601	-32	-108	5	-24
1.204	602	-35	-109	3	-11
1.206	603	-37	-107	1	1
1.208	604	-39	-102	-2	-3
1.21	605	-42	-103	-4	-8
1.212	606	-43	-95	-7	-1
1.214	607	-45	-91	-10	-4
1.216	608	-46	-87	-12	1
1.218	609	-47	-80	-15	3
1.22	610	-48	-73	-18	0
1.222	611	-49	-69	-20	8
1.224	612	-49	-62	-22	18
1.226	613	-49	-55	-24	14
1.228	614	-49	-45	-27	17
1.23	615	-48	-35	-29	7
1.232	616	-47	-26	-31	47
1.234	617	-46	-17	-33	35
1.236	618	-44	-5	-35	31
1.238	619	-42	6	-37	23
1.24	620	-40	14	-38	28
1.242	621	-38	25	-40	39
1.244	622	-35	36	-41	55
1.246	623	-32	46	-42	51
1.248	624	-29	56	-43	52
1.25	625	-26	63	-43	62
1.252	626	-23	70	-43	67
1.254	627	-19	83	-44	70
1.256	628	-16	90	-44	63
1.258	629	-12	100	-44	62
1.26	630	-8	107	-43	64
1.262	631	-4	114	-42	80
1.264	632	0	121	-41	69
1.266	633	3	125	-40	74
1.268	634	7	132	-39	73
1.27	635	11	136	-37	79
1.272	636	15	140	-35	69
1.274	637	18	141	-33	72
1.276	638	22	145	-31	49
1.278	639	26	149	-29	55
1.28	640	29	147	-26	50
1.282	641	32	148	-24	46
1.284	642	35	146	-21	38
1.286	643	38	144	-18	35
1.288	644	40	139	-15	34
1.29	645	43	137	-12	37
1.292	646	45	132	-9	27
1.294	647	46	122	-5	8
1.296	648	48	118	-2	9
1.298	649	49	108	2	7
1.3	650	49	98	5	0
1.302	651	50	91	8	5
1.304	652	50	78	12	-10
1.306	653	50	68	15	-2
1.308	654	49	56	18	7
1.31	655	48	41	22	5
1.312	656	47	29	25	-6
1.314	657	45	14	28	-10
1.316	658	44	5	30	-15
1.318	659	41	-12	33	-14
1.32	660	39	-22	35	-14
1.322	661	36	-35	37	-19
1.324	662	33	-48	39	-6
1.326	663	30	-61	41	-40
1.328	664	26	-77	43	-18
1.33	665	23	-87	44	-20
1.332	666	19	-100	45	-26
1.334	667	15	-112	46	-31
1.336	668	11	-121	46	-32
1.338	669	7	-133	47	-48
1.34	670	3	-142	47	-28
1.342	671	0	-148	47	-42
1.344	672	-5	-157	46	-52
1.346	673	-9	-163	45	-40
1.348	674	-13	-169	44	-35
1.35	675	-17	-175	43	-42
1.352	676	-21	-181	42	-30
1.354	677	-25	-184	40	-42
1.356	678	-28	-184	38	-32
1.358	679	-32	-187	36	-25
1.36	680	-35	-187	34	-23
1.362	681	-38	-184	31	-20
1.364	682	-40	-182	29	-9
1.366	683	-42	-177	26	-12
1.368	684	-44	-172	23	15
1.37	685	-46	-167	20	30
1.372	686	-47	-159	17	13
1.374	687	-48	-151	14	24
1.376	688	-49	-140	10	24
1.378	689	-49	-130	7	26
1.38	690	-49	-120	4	38
1.382	691	-48	-107	1	39
1.384	692	-47	-94	-2	32
1.386	693	-46	-78	-6	58
1.388	694	-44	-66	-8	58
1.39	695	-42	-51	-11	50
1.392	696	-40	-36	-14	55
1.394	697	-37	-18	-17	46
1.396	698	-34	-3	-19	48
1.398	699	-31	10	-21	65
1.4	700	-28	23	-23	43
1.402	701	-24	39	-25	46
1.404	702	-20	52	-26	67
1.406	703	-16	65	-27	63
1.408	704	-12	78	-28	61
1.41	705	-8	91	-29	75
1.412	706	-3	103	-29	59
1.414	707	0	109	-29	66
1.416	708	5	118	-28	77
1.418	709	9	127	-28	68
1.42	710	14	136	-27	67
1.422	711	18	142	-26	77
1.424	712	22	148	-25	72
1.426	713	26	151	-23	87
1.428	714	30	154	-21	84
1.43	715	33	154	-19	69
1.432	716	36	154	-17	64
1.434	717	39	154	-15	65
1.436	718	42	155	-13	56
1.438	719	44	150	-10	46
1.44	720	46	145	-7	33
1.442	721	48	140	-4	25
1.444	722	49	132	-1	31
1.446	723	50	124	2	24
1.448	724	50	113	5	4
1.45	725	50	103	8	4
1.452	726	49	87	12	-12
1.454	727	49	77	15	-20
1.456	728	47	61	18	-24
1.458	729	46	48	21	-30
1.46	730	44	33	24	-41
1.462	731	41	15	27	-27
1.464	732	38	-2	30	-35
1.466	733	35	-16	32	-34
1.468	734	32	-30	34	-31
1.47	735	28	-49	37	-31
1.472	736	24	-65	39	-50
1.474	737	20	-78	40	-37
1.476	738	16	-94	42	-43
1.478	739	11	-110	43	-33
1.48	740	7	-120	43	-30
1.482	741	2	-135	44	-26
1.484	742	-2	-144	44	-34
1.486	743	-6	-150	43	-24
1.488	744	-11	-162	43	-33
1.49	745	-15	-168	42	-44
1.492	746	-20	-177	41	-45
1.494	747	-24	-180	39	-55
1.496	748	-28	-186	38	-55
1.498	749	-32	-189	36	-49
1.5	750	-35	-189	34	-56
1.502	751	-38	-186	31	-51
1.504	752	-41	-183	28	-49
1.506	753	-43	-181	26	-46
1.508	754	-45	-176	23	-53
1.51	755	-47	-168	19	-47
1.512	756	-48	-160	16	-53
1.514	757	-49	-152	13	-45
1.516	758	-49	-138	9	-37
1.518	759	-49	-128	6	-29
1.52	760	-48	-112	2	-10
1.522	761	-47	-99	-1	1
1.524	762	-46	-83	-5	8
1.526	763	-44	-67	-8	23
1.528	764	-41	-46	-12	31
1.53	765	-38	-28	-15	26
1.532	766	-35	-10	-18	43
1.534	767	-32	6	-21	43
1.536	768	-28	25	-24	54
1.538	769	-24	44	-27	63
1.54	770	-20	60	-29	61
1.542	771	-15	79	-31	70
1.544	772	-11	95	-33	66
1.546	773	-6	110	-34	62
1.548	774	-1	125	-35	60
1.55	775	3	137	-36	53
1.552	776	8	152	-37	55
1.554	777	13	167	-38	55
1.556	778	17	176	-38	42
1.558	779	22	188	-38	35
1.56	780	26	194	-37	35
1.562	781	30	200	-36	29
1.564	782	34	200	-35	29
1.566	783	37	200	-33	25
1.568	784	40	200	-31	15
1.57	785	43	200	-29	20
1.572	786	45	197	-27	15
1.574	787	47	191	-24	13
1.576	788	49	188	-22	13
1.578	789	50	180	-19	11
1.58	790	50	169	-16	5
1.582	791	50	158	-13	17
1.584	792	49	144	-10	5
1.586	793	48	127	-6	3
1.588	794	47	114	-3	-14
1.59	795	45	98	0	1
1.592	796	42	79	3	-4
1.594	797	39	58	7	-1
1.596	798	36	40	10	-10
1.598	799	33	25	12	-9
1.6	800	29	4	15	-24
1.602	801	24	-18	18	-22
1.604	802	20	-34	20	-37
1.606	803	15	-53	22	-56
1.608	804	10	-72	24	-58
1.61	805	5	-88	25	-55
1.612	806	0	-103	26	-58
1.614	807	-4	-115	27	-66
1.616	808	-9	-130	28	-71
1.618	809	-14	-142	28	-72
1.62	810	-19	-154	28	-74
1.622	811	-23	-163	28	-84
1.624	812	-28	-172	27	-89
1.626	813	-32	-178	26	-94
1.628	814	-35	-181	25	-87
1.63	815	-39	-184	23	-81
1.632	816	-42	-184	21	-74
1.634	817	-44	-181	19	-69
1.636	818	-46	-178	17	-62
1.638	819	-48	-172	14	-52
1.64	820	-48	-161	11	-38
1.642	821	-49	-153	8	-38
1.644	822	-49	-142	5	-36
1.646	823	-48	-128	2	-20
1.648	824	-47	-114	-1	-3
1.65	825	-46	-101	-4	11
1.652	826	-43	-79	-8	23
1.654	827	-41	-63	-11	31
1.656	828	-38	-44	-14	43
1.658	829	-34	-20	-18	55
1.66	830	-30	0	-21	47
1.662	831	-26	20	-24	50
1.664	832	-22	36	-26	47
1.666	833	-17	58	-29	39
1.668	834	-12	77	-31	52
1.67	835	-7	96	-33	47
1.672	836	-1	118	-35	42
1.674	837	3	130	-36	44
1.676	838	8	145	-37	45
1.678	839	13	157	-37	39
1.68	840	18	172	-38	43
1.682	841	23	184	-38	52
1.684	842	28	196	-38	19
1.686	843	32	200	-37	31
1.688	844	36	200	-36	21
1.69	845	39	200	-35	21
1.692	846	42	200	-33	32
1.694	847	45	200	-31	38
1.696	848	47	197	-29	35
1.698	849	49	195	-27	46
1.7	850	50	187	-24	44
1.702	851	50	176	-21	34
1.704	852	50	165	-18	42
1.706	853	49	151	-15	32
1.708	854	48	138	-12	24
1.71	855	46	122	-9	37
1.712	856	44	106	-6	24
1.714	857	41	87	-3	21
1.716	858	37	63	1	6
1.718	859	34	45	4	10
1.72	860	29	21	7	0
1.722	861	25	1	10	-6
1.724	862	20	-21	13	-20
1.726	863	15	-40	15	-25
1.728	864	10	-62	18	-31
1.73	865	4	-84	20	-39
1.732	866	0	-99	22	-46
1.734	867	-5	-114	23	-56
1.736	868	-11	-132	24	-56
1.738	869	-16	-147	25	-59
1.74	870	-21	-162	26	-62
1.742	871	-26	-174	26	-66
1.744	872	-30	-183	26	-70
1.746	873	-34	-189	25	-64
1.748	874	-38	-198	25	-59
1.75	875	-41	-200	24	-54
1.752	876	-44	-200	22	-53
1.754	877	-46	-200	21	-50
1.756	878	-48	-197	19	-38
1.758	879	-49	-191	17	-30
1.76	880	-49	-182	15	-24
1.762	881	-49	-170	12	-17
1.764	882	-48	-156	9	-7
1.766	883	-46	-139	6	6
1.768	884	-44	-125	4	13
1.77	885	-42	-108	1	23
1.772	886	-39	-89	-2	31
1.774	887	-35	-67	-5	34
1.776	888	-31	-45	-8	42
1.778	889	-27	-24	-11	48
1.78	890	-22	0	-14	47
1.782	891	-17	20	-16	50
1.784	892	-11	45	-19	58
1.786	893	-6	64	-21	50
1.788	894	0	86	-23	48
1.79	895	4	99	-24	43
1.792	896	10	121	-26	41
1.794	897	15	136	-27	49
1.796	898	21	154	-28	42
1.798	899	26	166	-28	44
1.8	900	30	175	-28	45
1.802	901	35	187	-28	49
1.804	902	39	193	-27	50
1.806	903	42	196	-26	50
1.808	904	45	199	-25	52
1.81	905	47	196	-23	43
1.812	906	49	193	-21	53
1.814	907	50	187	-19	51
1.816	908	50	178	-17	51
1.818	909	50	167	-14	53
1.82	910	49	153	-11	51
1.822	911	47	136	-8	51
1.824	912	45	119	-5	45
1.826	913	42	100	-2	38
1.828	914	39	81	1	31
1.83	915	35	59	4	22
1.832	916	31	38	7	17
1.834	917	26	14	10	2
1.836	918	21	-9	13	-7
1.838	919	16	-31	16	-9
1.84	920	10	-56	19	-20
1.842	921	4	-78	21	-29
1.844	922	-1	-97	23	-34
1.846	923	-6	-115	25	-50
1.848	924	-12	-133	26	-50
1.85	925	-18	-154	28	-59
1.852	926	-23	-169	29	-58
1.854	927	-28	-181	29	-63
1.856	928	-32	-190	29	-60
1.858	929	-36	-199	29	-60
1.86	930	-40	-200	28	-51
1.862	931	-43	-200	27	-51
1.864	932	-46	-200	26	-51
1.866	933	-47	-197	25	-46
1.868	934	-49	-194	23	-39
1.87	935	-49	-185	21	-33
1.872	936	-49	-177	19	-23
1.874	937	-48	-166	17	-13
1.876	938	-46	-149	14	-4
1.878	939	-44	-132	11	11
1.88	940	-41	-116	9	15
1.882	941	-38	-97	6	25
1.884	942	-34	-75	3	29
1.886	943	-29	-51	0	34
1.888	944	-24	-27	-3	36
1.89	945	-19	-3	-6	41
1.892	946	-13	19	-8	43
1.894	947	-8	41	-11	46
1.896	948	-2	63	-13	50
1.898	949	3	82	-15	50
1.9	950	9	103	-17	47
1.902	951	15	121	-18	47
1.904	952	21	139	-19	47
1.906	953	26	154	-20	41
1.908	954	31	166	-20	40
1.91	955	35	175	-20	40
1.912	956	39	184	-20	39
1.914	957	43	190	-19	44
1.916	958	46	193	-18	43
1.918	959	48	193	-17	44
1.92	960	49	190	-16	43
1.922	961	50	184	-14	42
1.924	962	50	175	-12	39
1.926	963	49	163	-10	37
1.928	964	48	149	-7	35
1.93	965	46	135	-5	29
1.932	966	43	115	-2	32
1.934	967	39	93	1	26
1.936	968	35	71	4	23
1.938	969	31	52	6	19
1.94	970	26	28	9	12
1.942	971	20	4	11	2
1.944	972	15	-19	14	-9
1.946	973	9	-42	16	-23
1.948	974	3	-64	18	-26
1.95	975	-2	-83	20	-41
1.952	976	-9	-108	22	-38
1.954	977	-14	-126	24	-42
1.956	978	-20	-144	25	-42
1.958	979	-26	-162	26	-43
1.96	980	-31	-174	26	-52
1.962	981	-35	-183	26	-54
1.964	982	-39	-192	26	-60
1.966	983	-42	-195	25	-66
1.968	984	-45	-198	24	-65
1.97	985	-47	-198	23	-60
1.972	986	-48	-192	21	-53
1.974	987	-49	-189	20	-49
1.976	988	-49	-180	18	-42
1.978	989	-48	-169	16	-35
1.98	990	-46	-152	13	-26
1.982	991	-43	-135	11	-21
1.984	992	-40	-115	8	-15
1.986	993	-36	-93	5	-7
1.988	994	-32	-71	2	4
1.99	995	-27	-46	-1	13
1.992	996	-22	-25	-3	16
1.994	997	-16	1	-6	31
1.996	998	-10	27	-9	41
1.998	999	-4	49	-11	49
2	1000	2	71	-13	49
2.002	1001	8	93	-15	55
2.004	1002	14	114	-17	48
2.006	1003	20	132	-18	50
2.008	1004	26	153	-20	56
2.01	1005	31	165	-20	47
2.012	1006	35	177	-21	53
2.014	1007	40	189	-21	49
2.016	1008	43	192	-20	50
2.018	1009	46	198	-20	47
2.02	1010	48	198	-19	46
2.022	1011	49	195	-18	32
2.024	1012	50	189	-16	30
2.026	1013	50	183	-15	29
2.028	1014	49	171	-13	21
2.03	1015	47	157	-11	18
2.032	1016	44	137	-8	11
2.034	1017	41	120	-6	11
2.036	1018	37	98	-3	13
2.038	1019	32	73	0	-1
2.04	1020	27	51	2	-4
2.042	1021	21	24	5	-5
2.044	1022	15	0	7	-13
2.046	1023	9	-26	10	-15
2.048	1024	3	-48	12	-20
2.05	1025	-3	-70	14	-27
2.052	1026	-9	-92	16	-26
2.054	1027	-15	-111	17	-28
2.056	1028	-21	-132	19	-34
2.058	1029	-27	-150	20	-39
2.06	1030	-32	-162	20	-42
2.062	1031	-36	-171	20	-46
2.064	1032	-40	-180	20	-43
2.066	1033	-44	-189	20	-52
2.068	1034	-46	-189	19	-52
2.07	1035	-48	-189	18	-53
2.072	1036	-49	-183	16	-48
2.074	1037	-49	-177	15	-49
2.076	1038	-48	-166	13	-46
2.078	1039	-46	-152	11	-46
2.08	1040	-44	-138	9	-39
2.082	1041	-41	-118	6	-30
2.084	1042	-37	-99	4	-28
2.086	1043	-32	-74	1	-21
2.088	1044	-27	-49	-2	-11
2.09	1045	-21	-25	-4	-1
2.092	1046	-15	1	-7	12
2.094	1047	-9	24	-9	21
2.096	1048	-3	46	-11	30
2.098	1049	3	68	-13	34
2.1	1050	10	93	-15	45
2.102	1051	16	115	-17	51
2.104	1052	22	133	-18	56
2.106	1053	28	151	-19	58
2.108	1054	33	166	-20	59
2.11	1055	38	181	-21	69
2.112	1056	42	190	-21	64
2.114	1057	45	196	-21	61
2.116	1058	47	196	-20	58
2.118	1059	49	199	-20	56
2.12	1060	50	193	-18	48
2.122	1061	50	187	-17	45
2.124	1062	49	175	-15	33
2.126	1063	47	161	-13	26
2.128	1064	44	144	-11	23
2.13	1065	41	127	-9	14
2.132	1066	37	107	-7	6
2.134	1067	32	82	-4	2
2.136	1068	26	54	-1	-15
2.138	1069	20	30	1	-12
2.14	1070	14	3	4	-22
2.142	1071	7	-23	6	-29
2.144	1072	1	-48	9	-30
2.146	1073	-5	-70	11	-32
2.148	1074	-12	-95	13	-33
2.15	1075	-18	-114	14	-34
2.152	1076	-24	-132	15	-37
2.154	1077	-30	-150	16	-44
2.156	1078	-35	-165	17	-36
2.158	1079	-39	-174	17	-44
2.16	1080	-43	-183	17	-41
2.162	1081	-46	-186	16	-43
2.164	1082	-48	-189	16	-41
2.166	1083	-49	-186	15	-42
2.168	1084	-49	-177	13	-34
2.17	1085	-48	-168	12	-34
2.172	1086	-47	-157	10	-22
2.174	1087	-44	-140	8	-23
2.176	1088	-41	-123	6	-17
2.178	1089	-36	-100	4	-11
2.18	1090	-32	-81	2	-7
2.182	1091	-26	-56	0	-10
2.184	1092	-20	-31	-2	-1
2.186	1093	-14	-7	-4	8
2.188	1094	-7	19	-6	19
2.19	1095	0	47	-9	25
2.192	1096	6	69	-11	27
2.194	1097	12	88	-12	35
2.196	1098	19	113	-14	39
2.198	1099	25	131	-15	42
2.2	1100	31	149	-16	42
2.202	1101	36	164	-17	47
2.204	1102	40	173	-17	50
2.206	1103	44	182	-17	60
2.208	1104	47	188	-17	60
2.21	1105	49	188	-16	41
2.212	1106	50	185	-15	55
2.214	1107	50	179	-14	55
2.216	1108	49	167	-12	58
2.218	1109	47	156	-11	46
2.22	1110	44	139	-9	43
2.222	1111	41	119	-6	26
2.224	1112	36	97	-4	37
2.226	1113	31	75	-2	19
2.228	1114	25	50	0	9
2.23	1115	19	23	3	2
2.232	1116	12	-3	5	0
2.234	1117	5	-32	8	-9
2.236	1118	-1	-54	10	-17
2.238	1119	-8	-79	12	-35
2.24	1120	-15	-104	14	-34
2.242	1121	-21	-122	15	-27
2.244	1122	-27	-140	16	-34
2.246	1123	-33	-158	17	-51
2.248	1124	-38	-173	18	-56
2.25	1125	-42	-182	18	-61
2.252	1126	-45	-188	18	-49
2.254	1127	-47	-191	18	-53
2.256	1128	-49	-191	17	-53
2.258	1129	-49	-185	16	-51
2.26	1130	-48	-176	15	-35
2.262	1131	-47	-167	14	-28
2.264	1132	-44	-150	12	-25
2.266	1133	-41	-133	10	-25
2.268	1134	-36	-110	8	-21
2.27	1135	-31	-88	6	-1
2.272	1136	-25	-63	4	4
2.274	1137	-19	-35	1	11
2.276	1138	-12	-8	-1	20
2.278	1139	-5	18	-3	35
2.28	1140	1	40	-5	44
2.282	1141	8	65	-7	50
2.284	1142	15	90	-9	47
2.286	1143	22	112	-10	48
2.288	1144	28	133	-12	54
2.29	1145	33	148	-13	58
2.292	1146	38	163	-14	57
2.294	1147	43	175	-14	58
2.296	1148	46	181	-14	40
2.298	1149	48	184	-14	62
2.3	1150	50	184	-13	55
2.302	1151	50	178	-12	52
2.304	1152	49	169	-11	44
2.306	1153	47	155	-9	39
2.308	1154	45	144	-8	37
2.31	1155	41	124	-6	40
2.312	1156	36	98	-3	10
2.314	1157	31	76	-1	12
2.316	1158	25	51	1	16
2.318	1159	19	27	3	12
2.32	1160	12	-2	6	7
2.322	1161	4	-31	8	-12
2.324	1162	-2	-53	10	-21
2.326	1163	-9	-78	12	-24
2.328	1164	-16	-100	13	-23
2.33	1165	-23	-125	15	-36
2.332	1166	-29	-143	16	-41
2.334	1167	-35	-161	17	-44
2.336	1168	-39	-170	17	-34
2.338	1169	-43	-179	17	-34
2.34	1170	-46	-185	17	-42
2.342	1171	-48	-185	16	-51
2.344	1172	-49	-185	16	-43
2.346	1173	-49	-179	15	-38
2.348	1174	-47	-167	14	-36
2.35	1175	-45	-153	12	-41
2.352	1176	-42	-136	10	-31
2.354	1177	-37	-116	9	-20
2.356	1178	-32	-94	7	-2
2.358	1179	-26	-69	5	-4
2.36	1180	-20	-41	2	-5
2.362	1181	-13	-14	0	7
2.364	1182	-6	12	-2	18
2.366	1183	1	38	-4	26
2.368	1184	8	63	-6	30
2.37	1185	15	85	-7	30
2.372	1186	22	110	-9	43
2.374	1187	29	131	-10	56
2.376	1188	34	146	-11	57
2.378	1189	39	161	-12	54
2.38	1190	44	173	-12	46
2.382	1191	47	179	-12	49
2.384	1192	49	179	-11	63
2.386	1193	50	179	-11	59
2.388	1194	50	173	-10	51
2.39	1195	49	164	-9	53
2.392	1196	46	147	-7	47
2.394	1197	43	133	-6	49
2.396	1198	39	113	-4	37
2.398	1199	33	88	-2	17
2.4	1200	28	66	0	10
2.402	1201	21	38	2	14
2.404	1202	14	11	4	-1
2.406	1203	6	-18	6	-12
2.408	1204	0	-44	9	-18
2.41	1205	-8	-72	11	-25
2.412	1206	-15	-94	12	-25
2.414	1207	-22	-119	14	-35
2.416	1208	-28	-137	15	-32
2.418	1209	-34	-155	16	-48
2.42	1210	-39	-167	16	-44
2.422	1211	-43	-176	16	-59
2.424	1212	-46	-182	16	-57
2.426	1213	-48	-182	15	-61
2.428	1214	-49	-182	15	-53
2.43	1215	-49	-176	14	-48
2.432	1216	-47	-164	13	-36
2.434	1217	-44	-147	11	-38
2.436	1218	-41	-130	9	-29
2.438	1219	-36	-110	8	-25
2.44	1220	-31	-88	6	-13
2.442	1221	-24	-57	3	-18
2.444	1222	-17	-30	1	-4
2.446	1223	-10	-3	-1	2
2.448	1224	-2	26	-3	26
2.45	1225	4	48	-5	30
2.452	1226	12	76	-7	40
2.454	1227	19	101	-9	52
2.456	1228	26	123	-10	46
2.458	1229	32	141	-11	38
2.46	1230	38	159	-12	59
2.462	1231	42	168	-12	53
2.464	1232	46	177	-12	56
2.466	1233	48	180	-12	65
2.468	1234	50	180	-11	57
2.47	1235	50	177	-11	57
2.472	1236	49	168	-10	60
2.474	1237	47	156	-9	40
2.476	1238	43	136	-7	35
2.478	1239	39	116	-5	25
2.48	1240	33	93	-4	15
2.482	1241	27	68	-2	10
2.484	1242	20	40	0	5
2.486	1243	13	13	2	-8
2.488	1244	5	-16	4	-12
2.49	1245	-2	-42	6	-15
2.492	1246	-9	-67	8	-33
2.494	1247	-17	-95	10	-33
2.496	1248	-24	-117	11	-47
2.498	1249	-30	-135	12	-44
2.5	1250	-36	-153	13	-34
2.502	1251	-41	-168	14	-46
2.504	1252	-45	-177	14	-53
2.506	1253	-47	-180	14	-50
2.508	1254	-49	-183	14	-52
2.51	1255	-49	-177	13	-45
2.512	1256	-48	-168	12	-43
2.514	1257	-46	-157	11	-49
2.516	1258	-42	-137	9	-40
2.518	1259	-38	-117	7	-22
2.52	1260	-32	-94	6	-19
2.522	1261	-26	-69	4	-11
2.524	1262	-19	-41	2	-4
2.526	1263	-12	-11	-1	-3
2.528	1264	-4	18	-3	20
2.53	1265	3	44	-5	22
2.532	1266	11	72	-7	24
2.534	1267	19	97	-8	32
2.536	1268	26	122	-10	42
2.538	1269	32	140	-11	48
2.54	1270	38	158	-12	42
2.542	1271	43	170	-12	55
2.544	1272	46	176	-12	56
2.546	1273	49	182	-12	70
2.548	1274	50	179	-11	66
2.55	1275	50	176	-11	53
2.552	1276	48	164	-10	49
2.554	1277	46	153	-9	51
2.556	1278	42	133	-7	39
2.558	1279	37	113	-6	33
2.56	1280	31	88	-4	21
2.562	1281	25	63	-2	14
2.564	1282	17	32	0	13
2.566	1283	10	5	2	9
2.568	1284	2	-24	4	-11
2.57	1285	-5	-47	5	-19
2.572	1286	-13	-75	7	-34
2.574	1287	-21	-103	9	-32
2.576	1288	-28	-125	10	-44
2.578	1289	-34	-143	11	-59
2.58	1290	-39	-158	12	-36
2.582	1291	-44	-170	12	-38
2.584	1292	-47	-176	12	-49
2.586	1293	-48	-176	12	-56
2.588	1294	-49	-173	11	-61
2.59	1295	-48	-164	10	-61
2.592	1296	-46	-153	9	-41
2.594	1297	-43	-139	8	-47
2.596	1298	-38	-119	7	-48
2.598	1299	-33	-96	5	-23
2.6	1300	-26	-68	3	-14
2.602	1301	-19	-40	1	5
2.604	1302	-11	-13	0	7
2.606	1303	-3	16	-2	6
2.608	1304	4	42	-4	17
2.61	1305	12	70	-6	37
2.612	1306	20	98	-8	36
2.614	1307	27	120	-9	42
2.616	1308	34	141	-10	48
2.618	1309	39	156	-11	46
2.62	1310	44	168	-11	71
2.622	1311	47	174	-11	71
2.624	1312	49	177	-11	67
2.626	1313	50	174	-10	64
2.628	1314	49	165	-9	62
2.63	1315	47	154	-8	50
2.632	1316	44	140	-7	50
2.634	1317	40	123	-6	33
2.636	1318	34	97	-4	25
2.638	1319	28	75	-3	30
2.64	1320	21	47	-1	18
2.642	1321	13	17	1	6
2.644	1322	5	-12	3	-4
2.646	1323	-3	-41	5	-20
2.648	1324	-11	-69	7	-29
2.65	1325	-19	-94	8	-39
2.652	1326	-26	-119	10	-50
2.654	1327	-33	-140	11	-48
2.656	1328	-38	-152	11	-41
2.658	1329	-43	-167	12	-47
2.66	1330	-46	-173	12	-56
2.662	1331	-48	-173	11	-59
2.664	1332	-49	-173	11	-58
2.666	1333	-48	-164	10	-52
2.668	1334	-46	-153	9	-46
2.67	1335	-43	-139	8	-52
2.672	1336	-38	-119	7	-39
2.674	1337	-32	-93	5	-22
2.676	1338	-25	-68	4	-11
2.678	1339	-18	-40	2	3
2.68	1340	-10	-10	0	3
2.682	1341	-2	19	-2	14
2.684	1342	6	45	-3	24
2.686	1343	14	73	-5	38
2.688	1344	22	101	-7	37
2.69	1345	29	123	-8	47
2.692	1346	36	144	-9	62
2.694	1347	41	159	-10	41
2.696	1348	45	168	-10	58
2.698	1349	48	174	-10	66
2.7	1350	50	177	-10	65
2.702	1351	50	174	-10	65
2.704	1352	49	165	-9	64
2.706	1353	46	151	-8	42
2.708	1354	42	131	-6	51
2.71	1355	37	111	-5	44
2.712	1356	30	83	-3	17
2.714	1357	23	58	-2	23
2.716	1358	15	27	0	3
2.718	1359	7	-2	2	1
2.72	1360	-1	-31	4	-8
2.722	1361	-9	-59	6	-19
2.724	1362	-17	-84	7	-34
2.726	1363	-25	-112	9	-43
2.728	1364	-32	-134	10	-32
2.73	1365	-38	-152	11	-42
2.732	1366	-43	-164	11	-47
2.734	1367	-46	-173	12	-65
2.736	1368	-48	-176	12	-65
2.738	1369	-49	-176	12	-56
2.74	1370	-48	-167	11	-54
2.742	1371	-46	-156	10	-47
2.744	1372	-42	-139	9	-53
2.746	1373	-37	-119	8	-35
2.748	1374	-31	-93	6	-28
2.75	1375	-24	-68	5	-13
2.752	1376	-16	-37	3	-13
2.754	1377	-8	-7	1	-4
2.756	1378	0	19	0	8
2.758	1379	8	48	-2	26
2.76	1380	17	79	-4	37
2.762	1381	24	101	-5	41
2.764	1382	32	126	-6	52
2.766	1383	38	144	-7	68
2.768	1384	43	159	-8	61
2.77	1385	47	168	-8	48
2.772	1386	49	171	-8	67
2.774	1387	50	168	-7	68
2.776	1388	49	162	-7	72
2.778	1389	47	150	-6	72
2.78	1390	44	136	-5	49
2.782	1391	39	116	-4	44
2.784	1392	33	90	-2	54
2.786	1393	26	65	-1	28
2.788	1394	18	34	1	18
2.79	1395	9	4	2	-2
2.792	1396	1	-25	4	-13
2.794	1397	-7	-54	6	-11
2.796	1398	-16	-85	8	-23
2.798	1399	-24	-110	9	-44
2.8	1400	-31	-132	10	-48
2.802	1401	-37	-150	11	-22
2.804	1402	-42	-162	11	-49
2.806	1403	-46	-171	11	-55
2.808	1404	-48	-174	11	-79
2.81	1405	-49	-174	11	-77
2.812	1406	-48	-165	10	-63
2.814	1407	-46	-154	9	-48
2.816	1408	-42	-137	8	-59
2.818	1409	-37	-117	7	-48
2.82	1410	-31	-94	6	-19
2.822	1411	-23	-63	4	-13
2.824	1412	-15	-32	2	2
2.826	1413	-7	-5	1	-6
2.828	1414	1	24	-1	-3
2.83	1415	10	53	-2	29
2.832	1416	19	84	-4	39
2.834	1417	27	112	-6	49
2.836	1418	34	133	-7	56
2.838	1419	40	151	-8	75
2.84	1420	44	160	-8	71
2.842	1421	48	169	-8	72
2.844	1422	50	172	-8	72
2.846	1423	50	166	-7	67
2.848	1424	49	160	-7	70
2.85	1425	46	146	-6	72
2.852	1426	41	126	-5	53
2.854	1427	36	103	-3	47
2.856	1428	29	78	-2	43
2.858	1429	21	50	-1	25
2.86	1430	13	19	1	23
2.862	1431	4	-13	3	-5
2.864	1432	-4	-42	5	-24
2.866	1433	-13	-73	7	-30
2.868	1434	-21	-98	8	-40
2.87	1435	-29	-123	9	-54
2.872	1436	-36	-144	10	-35
2.874	1437	-41	-156	10	-44
2.876	1438	-45	-168	11	-70
2.878	1439	-48	-174	11	-56
2.88	1440	-49	-174	11	-73
2.882	1441	-48	-168	11	-81
2.884	1442	-46	-156	10	-61
2.886	1443	-42	-139	9	-67
2.888	1444	-37	-119	8	-57
2.89	1445	-31	-96	7	-25
2.892	1446	-23	-65	5	-18
2.894	1447	-15	-37	4	-1
2.896	1448	-6	-4	2	7
2.898	1449	2	25	0	10
2.9	1450	11	53	-1	16
2.902	1451	20	84	-3	43
2.904	1452	28	109	-4	39
2.906	1453	35	131	-5	62
2.908	1454	41	149	-6	65
2.91	1455	45	158	-6	55
2.912	1456	48	167	-7	81
2.914	1457	50	170	-7	85
2.916	1458	50	167	-7	81
2.918	1459	48	155	-6	76
2.92	1460	44	138	-5	61
2.922	1461	39	118	-4	44
2.924	1462	33	95	-3	49
2.926	1463	26	70	-2	34
2.928	1464	17	39	-1	17
2.93	1465	8	6	1	16
2.932	1466	0	-23	3	-6
2.934	1467	-9	-52	4	-15
2.936	1468	-18	-83	6	-22
2.938	1469	-26	-108	7	-50
2.94	1470	-33	-130	8	-65
2.942	1471	-39	-148	9	-30
2.944	1472	-44	-160	9	-61
2.946	1473	-47	-166	9	-76
2.948	1474	-49	-169	9	-69
2.95	1475	-49	-166	9	-76
2.952	1476	-47	-154	8	-68
2.954	1477	-43	-137	7	-45
2.956	1478	-38	-117	6	-68
2.958	1479	-32	-94	5	-54
2.96	1480	-24	-63	3	-20
2.962	1481	-16	-35	2	-22
2.964	1482	-7	-2	0	-3
2.966	1483	1	24	-1	7
2.968	1484	10	55	-3	7
2.97	1485	19	83	-4	39
2.972	1486	28	114	-6	60
2.974	1487	35	135	-7	56
2.976	1488	41	150	-7	65
2.978	1489	46	165	-8	50
2.98	1490	49	171	-8	83
2.982	1491	50	171	-8	84
2.984	1492	50	168	-8	84
2.986	1493	47	153	-7	74
2.988	1494	44	139	-6	77
2.99	1495	38	116	-5	60
2.992	1496	32	93	-4	62
2.994	1497	24	65	-3	29
2.996	1498	15	31	-1	17
2.998	1499	6	1	0	8
3	1500	-3	-31	2	0
3.002	1501	-12	-59	3	-27
3.004	1502	-21	-90	5	-31
3.006	1503	-29	-115	6	-50
3.008	1504	-36	-137	7	-61
3.01	1505	-41	-152	8	-57
3.012	1506	-46	-164	8	-46
3.014	1507	-48	-167	8	-94
3.016	1508	-49	-167	8	-77
3.018	1509	-48	-161	8	-82
3.02	1510	-45	-147	7	-82
3.022	1511	-41	-130	6	-68
3.024	1512	-35	-107	5	-59
3.026	1513	-28	-82	4	-70
3.028	1514	-19	-48	2	-17
3.03	1515	-10	-17	1	-14
3.032	1516	-1	12	0	-5
3.034	1517	8	44	-2	6
3.036	1518	17	75	-4	23
3.038	1519	25	100	-5	31
3.04	1520	33	125	-6	70
3.042	1521	40	146	-7	66
3.044	1522	45	161	-8	44
3.046	1523	48	167	-8	79
3.048	1524	50	170	-8	95
3.05	1525	50	167	-8	100
3.052	1526	48	158	-8	93
3.054	1527	44	141	-7	77
3.056	1528	39	121	-6	61
3.058	1529	32	95	-5	80
3.06	1530	24	67	-4	48
3.062	1531	15	33	-2	14
3.064	1532	6	3	-1	12
3.066	1533	-3	-26	0	-6
3.068	1534	-12	-57	2	-3
3.07	1535	-21	-88	4	-26
3.072	1536	-30	-116	5	-49
3.074	1537	-37	-137	6	-73
3.076	1538	-42	-149	6	-83
3.078	1539	-46	-161	7	-33
3.08	1540	-49	-167	7	-100
3.082	1541	-49	-164	7	-78
3.084	1542	-47	-152	6	-112
3.086	1543	-44	-141	6	-70
3.088	1544	-39	-121	5	-73
3.09	1545	-33	-98	4	-57
3.092	1546	-25	-70	3	-74
3.094	1547	-16	-36	1	-45
3.096	1548	-7	-6	0	0
3.098	1549	2	23	-1	-6
3.1	1550	12	58	-3	16
3.102	1551	21	86	-4	15
3.104	1552	29	114	-6	43
3.106	1553	36	136	-7	79
3.108	1554	42	151	-7	90
3.11	1555	47	166	-8	57
3.112	1556	49	169	-8	75
3.114	1557	50	169	-8	115
3.116	1558	49	163	-8	113
3.118	1559	46	149	-7	104
3.12	1560	41	129	-6	83
3.122	1561	34	103	-5	54
3.124	1562	27	78	-4	90
3.126	1563	18	47	-3	54
3.128	1564	8	13	-2	19
3.13	1565	0	-16	0	-9
3.132	1566	-10	-48	1	-17
3.134	1567	-19	-79	3	-18
3.136	1568	-28	-107	4	-26
3.138	1569	-35	-129	5	-79
3.14	1570	-41	-147	6	-96
3.142	1571	-46	-159	6	-51
3.144	1572	-48	-162	6	-64
3.146	1573	-49	-162	6	-99
3.148	1574	-48	-153	5	-115
3.15	1575	-44	-139	5	-116
3.152	1576	-39	-119	4	-87
3.154	1577	-33	-96	3	-48
3.156	1578	-25	-68	2	-76
3.158	1579	-16	-37	1	-73
3.16	1580	-6	-4	0	-14
3.162	1581	3	28	-2	3
3.164	1582	12	57	-3	30
3.166	1583	22	88	-4	20
3.168	1584	30	116	-6	25
3.17	1585	37	135	-6	71
3.172	1586	43	153	-7	117
3.174	1587	47	162	-7	71
3.176	1588	50	168	-7	77
3.178	1589	50	165	-7	113
3.18	1590	48	153	-6	119
3.182	1591	44	139	-6	138
3.184	1592	39	119	-5	103
3.186	1593	32	93	-4	50
3.188	1594	24	65	-3	73
3.19	1595	15	31	-1	67
3.192	1596	5	-1	0	21
3.194	1597	-4	-30	1	0
3.196	1598	-14	-61	2	-35
3.198	1599	-23	-92	4	-31
3.2	1600	-32	-120	5	-11
3.202	1601	-38	-138	6	-72
3.204	1602	-44	-153	6	-117
3.206	1603	-47	-162	7	-65
3.208	1604	-49	-165	7	-105
3.21	1605	-48	-159	7	-93
3.212	1606	-46	-148	6	-123
3.214	1607	-42	-134	6	-131
3.216	1608	-36	-111	5	-110
3.218	1609	-28	-82	4	-41
3.22	1610	-19	-51	3	-72
3.222	1611	-10	-17	1	-56
3.224	1612	0	15	0	-26
3.226	1613	10	47	-1	-1
3.228	1614	19	75	-2	38
3.23	1615	28	106	-4	49
3.232	1616	36	131	-5	21
3.234	1617	42	146	-5	95
3.236	1618	47	161	-6	122
3.238	1619	49	164	-6	86
3.24	1620	50	164	-6	131
3.242	1621	48	155	-6	110
3.244	1622	45	141	-5	118
3.246	1623	40	124	-5	152
3.248	1624	33	98	-4	102
3.25	1625	24	67	-3	50
3.252	1626	15	36	-2	81
3.254	1627	5	0	0	33
3.256	1628	-4	-29	1	31
3.258	1629	-14	-61	2	1
3.26	1630	-24	-92	3	-50
3.262	1631	-32	-120	5	-60
3.264	1632	-39	-138	5	-40
3.266	1633	-44	-153	6	-122
3.268	1634	-48	-162	6	-63
3.27	1635	-49	-162	6	-125
3.272	1636	-48	-156	6	-125
3.274	1637	-45	-145	6	-132
3.276	1638	-41	-128	5	-111
3.278	1639	-34	-102	4	-140
3.28	1640	-26	-74	3	-73
3.282	1641	-17	-43	2	-81
3.284	1642	-7	-9	1	-56
3.286	1643	3	23	0	-15
3.288	1644	13	55	-1	-15
3.29	1645	22	83	-2	11
3.292	1646	31	111	-3	61
3.294	1647	38	133	-4	58
3.296	1648	44	151	-5	86
3.298	1649	48	160	-5	128
3.3	1650	50	160	-4	90
3.302	1651	50	157	-4	129
3.304	1652	47	146	-4	151
3.306	1653	43	129	-3	136
3.308	1654	36	103	-2	130
3.31	1655	28	78	-2	133
3.312	1656	19	47	-1	59
3.314	1657	9	10	1	95
3.316	1658	0	-19	2	43
3.318	1659	-10	-51	3	7
3.32	1660	-20	-82	4	-9
3.322	1661	-29	-110	5	-33
3.324	1662	-37	-135	6	-67
3.326	1663	-43	-150	6	-61
3.328	1664	-47	-162	7	-148
3.33	1665	-49	-165	7	-76
3.332	1666	-49	-162	7	-123
3.334	1667	-46	-148	6	-130
3.336	1668	-42	-134	6	-166
3.338	1669	-36	-111	5	-130
3.34	1670	-28	-82	4	-145
3.342	1671	-18	-48	3	-73
3.344	1672	-8	-14	2	-74
3.346	1673	1	15	1	-84
3.348	1674	11	47	0	-18
3.35	1675	21	78	-1	9
3.352	1676	30	106	-2	39
3.354	1677	38	131	-3	59
3.356	1678	44	149	-4	63
3.358	1679	48	158	-4	102
3.36	1680	50	161	-4	145
3.362	1681	50	155	-3	115
3.364	1682	47	144	-3	152
3.366	1683	42	124	-2	156
3.368	1684	36	104	-2	160
3.37	1685	28	76	-1	165
3.372	1686	18	42	0	118
3.374	1687	8	8	1	64
3.376	1688	-1	-21	2	83
3.378	1689	-12	-56	3	30
3.38	1690	-22	-87	4	8
3.382	1691	-31	-115	5	-36
3.384	1692	-38	-137	6	-60
3.386	1693	-44	-152	6	-87
3.388	1694	-47	-158	6	-82
3.39	1695	-49	-161	6	-121
3.392	1696	-48	-152	5	-102
3.394	1697	-45	-141	5	-181
3.396	1698	-40	-121	4	-163
3.398	1699	-33	-98	4	-167
3.4	1700	-25	-70	3	-167
3.402	1701	-15	-36	2	-139
3.404	1702	-4	0	1	-85
3.406	1703	5	29	0	-91
3.408	1704	16	63	-1	-30
3.41	1705	25	91	-2	-12
3.412	1706	34	119	-3	36
3.414	1707	41	140	-4	50
3.416	1708	46	152	-4	84
3.418	1709	49	158	-4	91
3.42	1710	50	155	-3	162
3.422	1711	48	147	-3	110
3.424	1712	45	136	-3	185
3.426	1713	39	113	-2	168
3.428	1714	31	84	-1	193
3.43	1715	22	53	0	168
3.432	1716	12	19	1	164
3.434	1717	1	-16	2	76
3.436	1718	-8	-42	2	88
3.438	1719	-19	-76	3	35
3.44	1720	-28	-104	4	-6
3.442	1721	-36	-126	4	-33
3.444	1722	-42	-144	5	-74
3.446	1723	-47	-159	6	-85
3.448	1724	-49	-162	6	-97
3.45	1725	-49	-159	6	-155
3.452	1726	-46	-145	5	-96
3.454	1727	-41	-128	5	-198
3.456	1728	-34	-102	4	-184
3.458	1729	-26	-74	3	-209
3.46	1730	-16	-40	2	-175
3.462	1731	-6	-7	1	-174
3.464	1732	4	25	0	-90
3.466	1733	15	60	-1	-99
3.468	1734	25	88	-1	-58
3.47	1735	34	116	-2	3
3.472	1736	41	135	-2	32
3.474	1737	46	147	-2	66
3.476	1738	49	153	-2	88
3.478	1739	50	153	-2	103
3.48	1740	48	142	-1	161
3.482	1741	44	128	-1	130
3.484	1742	38	105	0	207
3.486	1743	30	76	1	190
3.488	1744	21	45	2	212
3.49	1745	11	14	2	193
3.492	1746	0	-21	3	182
3.494	1747	-10	-53	4	88
3.496	1748	-20	-84	5	91
3.498	1749	-30	-112	5	19
3.5	1750	-38	-134	5	-10
3.502	1751	-44	-149	5	-43
3.504	1752	-47	-158	6	-94
3.506	1753	-49	-158	5	-115
3.508	1754	-48	-152	5	-130
3.51	1755	-45	-138	4	-169
3.512	1756	-39	-115	3	-105
3.514	1757	-32	-89	2	-223
3.516	1758	-23	-58	1	-214
3.518	1759	-13	-24	0	-223
3.52	1760	-2	11	-1	-198
3.522	1761	8	43	-2	-183
3.524	1762	19	74	-2	-103
3.526	1763	29	105	-3	-115
3.528	1764	37	127	-3	-32
3.53	1765	43	142	-3	11
3.532	1766	48	157	-4	71
3.534	1767	50	160	-4	88
3.536	1768	49	151	-3	121
3.538	1769	47	143	-3	135
3.54	1770	41	120	-2	168
3.542	1771	34	94	-1	173
3.544	1772	25	63	0	218
3.546	1773	15	29	1	216
3.548	1774	4	-6	2	215
3.55	1775	-6	-35	2	203
3.552	1776	-17	-69	3	168
3.554	1777	-27	-100	4	91
3.556	1778	-35	-122	4	87
3.558	1779	-42	-141	4	-12
3.56	1780	-47	-150	3	-33
3.562	1781	-49	-153	3	-90
3.564	1782	-49	-147	2	-113
3.566	1783	-46	-136	2	-135
3.568	1784	-41	-116	1	-199
3.57	1785	-34	-90	0	-130
3.572	1786	-25	-59	-1	-205
3.574	1787	-15	-25	-2	-213
3.576	1788	-4	10	-3	-233
3.578	1789	7	45	-4	-225
3.58	1790	18	76	-4	-221
3.582	1791	28	107	-5	-167
3.584	1792	36	129	-5	-115
3.586	1793	43	147	-5	-89
3.588	1794	48	159	-5	20
3.59	1795	50	159	-4	45
3.592	1796	50	159	-5	121
3.594	1797	47	145	-4	136
3.596	1798	41	122	-3	155
3.598	1799	34	96	-2	210
3.6	1800	25	65	-1	174
3.602	1801	15	31	0	216
3.604	1802	4	-4	1	233
3.606	1803	-7	-39	2	226
3.608	1804	-18	-73	3	228
3.61	1805	-28	-101	3	209
3.612	1806	-36	-123	3	93
3.614	1807	-43	-142	3	68
3.616	1808	-47	-151	3	-2
3.618	1809	-49	-151	2	-30
3.62	1810	-48	-145	2	-92
3.622	1811	-45	-137	3	-117
3.624	1812	-39	-114	2	-167
3.626	1813	-32	-88	1	-163
3.628	1814	-22	-54	0	-183
3.63	1815	-12	-20	-1	-164
3.632	1816	-1	15	-2	-233
3.634	1817	10	50	-3	-233
3.636	1818	21	84	-4	-234
3.638	1819	30	109	-4	-230
3.64	1820	39	137	-5	-191
3.642	1821	45	152	-5	-113
3.644	1822	49	161	-5	-113
3.646	1823	50	158	-4	-1
3.648	1824	49	152	-4	38
3.65	1825	45	135	-3	138
3.652	1826	39	112	-2	124
3.654	1827	30	80	-1	162
3.656	1828	21	49	0	168
3.658	1829	10	12	1	195
3.66	1830	-1	-23	2	231
3.662	1831	-12	-58	3	238
3.664	1832	-23	-89	3	202
3.666	1833	-32	-117	4	237
3.668	1834	-40	-139	4	208
3.67	1835	-45	-151	4	131
3.672	1836	-48	-154	3	8
3.674	1837	-49	-151	2	-63
3.676	1838	-47	-140	1	-87
3.678	1839	-42	-120	0	-58
3.68	1840	-35	-97	0	-128
3.682	1841	-26	-66	-1	-156
3.684	1842	-15	-29	-2	-176
3.686	1843	-4	6	-3	-196
3.688	1844	6	38	-4	-125
3.69	1845	18	76	-5	-234
3.692	1846	28	107	-6	-233
3.694	1847	37	132	-6	-233
3.696	1848	44	150	-6	-225
3.698	1849	48	159	-6	-189
3.7	1850	50	159	-5	-63
3.702	1851	49	151	-4	-105
3.704	1852	46	137	-3	16
3.706	1853	40	114	-2	137
3.708	1854	32	88	-2	114
3.71	1855	22	51	0	156
3.712	1856	11	14	1	133
3.714	1857	0	-21	2	150
3.716	1858	-11	-56	3	206
3.718	1859	-22	-90	4	221
3.72	1860	-32	-121	5	238
3.722	1861	-40	-142	5	204
3.724	1862	-45	-154	5	237
3.726	1863	-48	-160	5	188
3.728	1864	-49	-157	4	85
3.73	1865	-47	-145	3	-19
3.732	1866	-42	-125	2	-89
3.734	1867	-35	-99	1	-54
3.736	1868	-25	-65	0	-99
3.738	1869	-15	-31	-1	-91
3.74	1870	-3	7	-2	-135
3.742	1871	7	42	-4	-207
3.744	1872	19	79	-5	-119
3.746	1873	29	107	-5	-169
3.748	1874	38	135	-6	-233
3.75	1875	44	150	-6	-233
3.752	1876	49	162	-6	-233
3.754	1877	50	159	-5	-229
3.756	1878	49	151	-4	-103
3.758	1879	45	134	-3	-38
3.76	1880	38	108	-2	-57
3.762	1881	30	80	-1	121
3.764	1882	19	40	1	126
3.766	1883	8	4	2	150
3.768	1884	-3	-31	3	125
3.77	1885	-14	-65	4	67
3.772	1886	-25	-99	5	180
3.774	1887	-34	-127	6	175
3.776	1888	-42	-151	7	229
3.778	1889	-47	-163	7	214
3.78	1890	-49	-166	7	217
3.782	1891	-48	-157	6	192
3.784	1892	-45	-143	5	169
3.786	1893	-39	-120	4	19
3.788	1894	-31	-88	2	-31
3.79	1895	-21	-54	1	-70
3.792	1896	-10	-17	0	-47
3.794	1897	1	18	-1	-96
3.796	1898	13	59	-3	-67
3.798	1899	24	93	-4	-154
3.8	1900	0	22	-5	-125
3.802	1901	0	24	-6	-73
3.804	1902	0	23	-6	-216
3.806	1903	0	22	-6	-228
3.808	1904	0	21	-6	-233
3.81	1905	0	20	-6	-233
3.812	1906	0	16	-5	-144
3.814	1907	0	15	-5	-51
3.816	1908	0	14	-5	-63
3.818	1909	0	10	-4	79
3.82	1910	0	9	-4	86
3.822	1911	0	8	-4	116
3.824	1912	0	7	-4	110
3.826	1913	0	7	-4	75
3.828	1914	0	7	-4	49
3.83	1915	0	4	-3	151
3.832	1916	0	4	-3	156
3.834	1917	0	4	-3	219
3.836	1918	0	4	-3	202
3.838	1919	0	4	-3	212
3.84	1920	0	7	-4	210
3.842	1921	0	7	-4	181
3.844	1922	0	7	-4	57
3.846	1923	0	7	-4	-26
3.848	1924	0	7	-4	1
3.85	1925	0	7	-4	-41
3.852	1926	0	7	-4	-19
3.854	1927	0	4	-3	-70
3.856	1928	0	4	-3	-76
3.858	1929	0	4	-3	-94
3.86	1930	0	1	-2	-72
3.862	1931	0	1	-2	-118
3.864	1932	0	1	-2	-222
3.866	1933	0	-1	-1	-218
3.868	1934	0	0	-1	-199
3.87	1935	0	-2	0	-162
3.872	1936	0	-1	0	-108
3.874	1937	0	-3	1	-52
3.876	1938	0	-2	1	-27
3.878	1939	0	-4	2	54
3.88	1940	0	-3	2	58
3.882	1941	0	-3	2	71
3.884	1942	0	0	1	57
3.886	1943	0	0	1	71
3.888	1944	0	0	1	110
3.89	1945	0	0	1	131
3.892	1946	0	0	1	136
3.894	1947	0	0	1	178
3.896	1948	0	0	1	210
3.898	1949	0	2	0	207
3.9	1950	0	1	0	158
3.902	1951	0	0	0	80
3.904	1952	0	0	0	-6
3.906	1953	0	2	-1	4
3.908	1954	0	1	-1	-48
3.91	1955	0	1	-1	-68
3.912	1956	0	-1	0	-89
3.914	1957	0	0	0	-76
3.916	1958	0	0	0	-64
3.918	1959	0	0	0	-134
3.92	1960	0	0	0	-91
3.922	1961	0	0	0	-157
3.924	1962	0	0	0	-175
3.926	1963	0	-2	1	-188
3.928	1964	0	-1	1	-140
3.93	1965	0	-1	1	-133
3.932	1966	0	-1	1	-28
3.934	1967	0	-4	2	8
3.936	1968	0	-3	2	28
3.938	1969	0	-3	2	99
3.94	1970	0	-3	2	54
3.942	1971	0	0	1	61
3.944	1972	0	0	1	79
3.946	1973	0	0	1	81
3.948	1974	0	0	1	103
3.95	1975	0	0	1	114
3.952	1976	0	0	1	166
3.954	1977	0	2	0	189
3.956	1978	0	1	0	170
3.958	1979	0	0	0	112
3.96	1980	0	2	-1	51
3.962	1981	0	1	-1	-15
3.964	1982	0	1	-1	-23
3.966	1983	0	4	-2	-74
3.968	1984	0	3	-2	-67
3.97	1985	0	3	-2	-84
3.972	1986	0	3	-2	-50
3.974	1987	0	3	-2	-53
3.976	1988	0	3	-2	-120
3.978	1989	0	3	-2	-80
3.98	1990	0	3	-2	-103
3.982	1991	0	0	-1	-135
3.984	1992	0	0	-1	-146
3.986	1993	0	0	-1	-112
3.988	1994	0	0	-1	-90
3.99	1995	0	0	-1	-1
3.992	1996	0	0	-1	37
3.994	1997	0	0	-1	19
3.996	1998	0	0	-1	88
3.998	1999	0	0	-1	66
