#SLFR RTP OL_Test
#t	n	u	v	$\theta$	a
0	0	0	0	0	3
0.002	1	0	0	0	3
0.004	2	0	0	0	4
0.006	3	0	0	0	4
0.008	4	0	0	0	4
0.01	5	0	0	0	4
0.012	6	0	0	0	4
0.014	7	0	0	0	4
0.016	8	0	0	0	4
0.018	9	0	0	0	4
0.02	10	0	0	0	4
0.022	11	0	0	0	4
0.024	12	0	0	0	4
0.026	13	1	2	0	4
0.028	14	1	1	0	4
0.03	15	1	1	0	4
0.032	16	1	1	0	3
0.034	17	1	1	0	4
0.036	18	1	1	0	4
0.038	19	1	1	0	3
0.04	20	1	1	0	3
0.042	21	1	1	0	4
0.044	22	2	4	0	4
0.046	23	2	3	0	4
0.048	24	2	3	0	4
0.05	25	2	3	0	4
0.052	26	2	3	0	4
0.054	27	2	3	0	4
0.056	28	2	3	0	3
0.058	29	3	6	0	4
0.06	30	3	3	1	5
0.062	31	3	3	1	4
0.064	32	3	3	1	4
0.066	33	3	3	1	4
0.068	34	4	6	1	4
0.07	35	4	5	1	4
0.072	36	4	5	1	4
0.074	37	4	5	1	4
0.076	38	5	8	1	4
0.078	39	5	7	1	4
0.08	40	5	7	1	3
0.082	41	5	7	1	4
0.084	42	6	10	1	3
0.086	43	6	9	1	4
0.088	44	6	9	1	4
0.09	45	6	9	1	4
0.092	46	7	12	1	4
0.094	47	7	11	1	4
0.096	48	7	11	1	3
0.098	49	8	14	1	4
0.1	50	8	13	1	4
0.102	51	8	13	1	3
0.104	52	8	13	1	2
0.106	53	9	16	1	6
0.108	54	9	13	2	4
0.11	55	9	13	2	7
0.112	56	10	16	2	5
0.114	57	10	15	2	5
0.116	58	10	15	2	3
0.118	59	11	18	2	5
0.12	60	11	15	3	2
0.122	61	12	18	3	3
0.124	62	12	17	3	2
0.126	63	12	17	3	3
0.128	64	13	20	3	3
0.13	65	13	17	4	3
0.132	66	14	20	4	0
0.134	67	14	19	4	0
0.136	68	14	19	4	0
0.138	69	15	19	5	-1
0.14	70	15	19	5	-1
0.142	71	16	21	5	-1
0.144	72	16	21	5	-1
0.146	73	16	18	6	0
0.148	74	17	21	6	0
0.15	75	17	21	6	-2
0.152	76	18	21	7	0
0.154	77	18	21	7	-1
0.156	78	19	23	7	-1
0.158	79	19	23	7	-1
0.16	80	20	23	8	-1
0.162	81	20	23	8	-1
0.164	82	21	25	8	1
0.166	83	21	22	9	0
0.168	84	21	22	9	0
0.17	85	22	25	9	0
0.172	86	22	22	10	0
0.174	87	23	25	10	-2
0.176	88	23	25	10	-1
0.178	89	24	25	11	-3
0.18	90	24	25	11	-2
0.182	91	25	27	11	-2
0.184	92	25	24	12	-2
0.186	93	26	27	12	-3
0.188	94	26	27	12	-3
0.19	95	27	27	13	-3
0.192	96	27	27	13	-5
0.194	97	28	29	13	-5
0.196	98	28	26	14	-5
0.198	99	29	29	14	-5
0.2	100	29	29	14	-6
0.202	101	30	29	15	-4
0.204	102	30	29	15	-5
0.206	103	31	31	15	-4
0.208	104	31	28	16	-3
0.21	105	32	31	16	-5
0.212	106	32	28	17	-4
0.214	107	33	31	17	-3
0.216	108	33	31	17	-5
0.218	109	34	31	18	-1
0.22	110	34	31	18	-4
0.222	111	35	33	18	-3
0.224	112	35	30	19	-3
0.226	113	36	33	19	-2
0.228	114	36	30	20	-2
0.23	115	37	33	20	-1
0.232	116	37	30	21	-3
0.234	117	38	33	21	-5
0.236	118	38	33	21	-3
0.238	119	39	33	22	-4
0.24	120	39	33	22	-5
0.242	121	40	33	23	-3
0.244	122	40	33	23	-5
0.246	123	41	33	24	-4
0.248	124	41	33	24	-4
0.25	125	42	35	24	-5
0.252	126	42	32	25	-6
0.254	127	42	32	25	-3
0.256	128	43	32	26	-6
0.258	129	43	32	26	-5
0.26	130	44	32	27	-3
0.262	131	44	32	27	-7
0.264	132	44	29	28	-2
0.266	133	45	32	28	-4
0.268	134	45	29	29	-3
0.27	135	46	32	29	-4
0.272	136	46	29	30	-1
0.274	137	46	29	30	-6
0.276	138	47	29	31	1
0.278	139	47	29	31	-3
0.28	140	47	29	31	1
0.282	141	47	26	32	-3
0.284	142	48	29	32	2
0.286	143	48	26	33	-5
0.288	144	48	26	33	2
0.29	145	48	23	34	-5
0.292	146	49	26	34	0
0.294	147	49	23	35	-4
0.296	148	49	23	35	0
0.298	149	49	20	36	-4
0.3	150	49	20	36	1
0.302	151	50	20	37	-3
0.304	152	50	20	37	0
0.306	153	50	20	37	-2
0.308	154	50	17	38	-2
0.31	155	50	17	38	-1
0.312	156	50	14	39	-1
0.314	157	50	14	39	-1
0.316	158	50	14	39	-1
0.318	159	50	11	40	2
0.32	160	50	11	40	0
0.322	161	50	11	40	2
0.324	162	50	8	41	1
0.326	163	50	8	41	3
0.328	164	50	8	41	2
0.33	165	50	5	42	6
0.332	166	49	2	42	2
0.334	167	49	2	42	5
0.336	168	49	0	43	6
0.338	169	49	0	43	5
0.34	170	48	-2	43	5
0.342	171	48	-4	44	6
0.344	172	48	-3	44	7
0.346	173	48	-2	44	8
0.348	174	47	-4	44	15
0.35	175	47	-3	44	7
0.352	176	46	-8	45	5
0.354	177	46	-7	45	5
0.356	178	46	-6	45	5
0.358	179	45	-8	45	5
0.36	180	45	-7	45	8
0.362	181	44	-9	45	5
0.364	182	44	-8	45	9
0.366	183	43	-10	45	14
0.368	184	42	-15	46	9
0.37	185	42	-14	46	11
0.372	186	41	-16	46	9
0.374	187	40	-18	46	9
0.376	188	40	-17	46	10
0.378	189	39	-19	46	13
0.38	190	38	-21	46	11
0.382	191	38	-20	46	16
0.384	192	37	-22	46	18
0.386	193	36	-24	46	17
0.388	194	35	-26	46	18
0.39	195	34	-28	46	19
0.392	196	33	-30	46	16
0.394	197	32	-32	46	18
0.396	198	31	-34	46	18
0.398	199	30	-36	46	18
0.4	200	29	-38	46	20
0.402	201	28	-40	46	22
0.404	202	27	-42	46	21
0.406	203	26	-44	46	23
0.408	204	25	-46	46	20
0.41	205	24	-45	45	18
0.412	206	23	-47	45	20
0.414	207	22	-49	45	18
0.416	208	20	-54	45	17
0.418	209	19	-53	44	18
0.42	210	18	-55	44	20
0.422	211	17	-57	44	20
0.424	212	16	-59	44	21
0.426	213	14	-61	43	20
0.428	214	13	-63	43	20
0.43	215	12	-62	42	22
0.432	216	10	-67	42	20
0.434	217	9	-69	42	21
0.436	218	8	-68	41	22
0.438	219	6	-73	41	23
0.44	220	5	-72	40	27
0.442	221	4	-74	40	26
0.444	222	2	-76	39	30
0.446	223	1	-75	38	29
0.448	224	0	-77	38	29
0.45	225	-1	-76	37	29
0.452	226	-2	-75	36	29
0.454	227	-4	-80	36	28
0.456	228	-5	-79	35	27
0.458	229	-7	-81	34	28
0.46	230	-8	-80	33	30
0.462	231	-10	-85	33	33
0.464	232	-11	-84	32	30
0.466	233	-12	-83	31	28
0.468	234	-14	-86	30	30
0.47	235	-15	-85	29	28
0.472	236	-17	-88	28	28
0.474	237	-18	-90	28	27
0.476	238	-19	-89	27	28
0.478	239	-21	-92	26	30
0.48	240	-22	-91	25	30
0.482	241	-23	-91	24	31
0.484	242	-25	-94	23	32
0.486	243	-26	-93	22	31
0.488	244	-27	-93	21	27
0.49	245	-29	-96	20	30
0.492	246	-30	-95	19	28
0.494	247	-31	-95	18	30
0.496	248	-32	-95	17	31
0.498	249	-33	-95	16	33
0.5	250	-34	-92	14	34
0.502	251	-36	-95	13	36
0.504	252	-37	-95	12	35
0.506	253	-38	-95	11	30
0.508	254	-39	-95	10	31
0.51	255	-40	-95	9	30
0.512	256	-40	-92	8	32
0.514	257	-41	-89	6	32
0.516	258	-42	-89	5	28
0.518	259	-43	-89	4	33
0.52	260	-44	-89	3	29
0.522	261	-44	-86	2	32
0.524	262	-45	-86	1	30
0.526	263	-46	-83	-1	27
0.528	264	-46	-80	-2	28
0.53	265	-47	-80	-3	24
0.532	266	-47	-77	-4	30
0.534	267	-48	-77	-5	21
0.536	268	-48	-71	-7	28
0.538	269	-48	-68	-8	28
0.54	270	-49	-68	-9	29
0.542	271	-49	-65	-10	30
0.544	272	-49	-62	-11	22
0.546	273	-49	-59	-12	27
0.548	274	-49	-56	-13	26
0.55	275	-49	-53	-14	22
0.552	276	-49	-50	-15	26
0.554	277	-49	-47	-16	18
0.556	278	-48	-41	-17	25
0.558	279	-48	-38	-18	22
0.56	280	-48	-35	-19	26
0.562	281	-47	-29	-20	19
0.564	282	-47	-29	-20	18
0.566	283	-46	-23	-21	17
0.568	284	-46	-21	-22	15
0.57	285	-45	-19	-22	16
0.572	286	-44	-14	-23	11
0.574	287	-44	-12	-24	12
0.576	288	-43	-10	-24	12
0.578	289	-42	-5	-25	13
0.58	290	-41	-3	-25	8
0.582	291	-40	1	-26	5
0.584	292	-39	2	-26	4
0.586	293	-38	3	-26	3
0.588	294	-37	7	-27	0
0.59	295	-35	11	-27	-1
0.592	296	-34	12	-27	-3
0.594	297	-33	16	-28	-1
0.596	298	-31	20	-28	1
0.598	299	-30	24	-29	-3
0.6	300	-28	28	-29	-4
0.602	301	-27	29	-29	-26
0.604	302	-25	33	-29	-22
0.606	303	-23	37	-29	-10
0.608	304	-22	38	-29	-10
0.61	305	-20	43	-29	-12
0.612	306	-18	44	-28	-7
0.614	307	-17	46	-28	-17
0.616	308	-15	50	-28	-6
0.618	309	-13	54	-28	-11
0.62	310	-11	58	-28	-25
0.622	311	-9	62	-28	-23
0.624	312	-7	66	-28	-26
0.626	313	-5	70	-28	-25
0.628	314	-3	74	-28	-23
0.63	315	-1	75	-27	-27
0.632	316	0	77	-27	-32
0.634	317	2	82	-27	-21
0.636	318	4	86	-27	-30
0.638	319	6	90	-27	-39
0.64	320	8	91	-26	-42
0.642	321	10	95	-26	-46
0.644	322	12	99	-26	-46
0.646	323	14	101	-25	-42
0.648	324	16	105	-25	-49
0.65	325	17	106	-25	-50
0.652	326	19	108	-24	-43
0.654	327	21	113	-24	-46
0.656	328	23	117	-24	-47
0.658	329	25	118	-23	-51
0.66	330	27	123	-23	-59
0.662	331	28	122	-22	-55
0.664	332	30	126	-22	-57
0.666	333	32	128	-21	-55
0.668	334	33	130	-21	-57
0.67	335	35	132	-20	-55
0.672	336	36	131	-19	-53
0.674	337	38	136	-19	-47
0.676	338	39	135	-18	-50
0.678	339	40	134	-17	-53
0.68	340	42	136	-16	-55
0.682	341	43	138	-16	-59
0.684	342	44	137	-15	-56
0.686	343	45	136	-14	-59
0.688	344	46	135	-13	-62
0.69	345	47	134	-12	-59
0.692	346	47	133	-12	-59
0.694	347	48	132	-11	-59
0.696	348	49	131	-10	-58
0.698	349	49	127	-9	-59
0.7	350	49	123	-8	-65
0.702	351	50	125	-8	-61
0.704	352	50	121	-7	-66
0.706	353	50	117	-6	-67
0.708	354	50	113	-5	-67
0.71	355	50	109	-4	-68
0.712	356	50	108	-4	-67
0.714	357	49	101	-3	-65
0.716	358	49	98	-2	-61
0.718	359	48	95	-2	-62
0.72	360	48	92	-1	-60
0.722	361	47	86	0	-63
0.724	362	46	83	0	-62
0.726	363	45	77	1	-58
0.728	364	44	74	1	-59
0.73	365	43	68	2	-58
0.732	366	42	65	2	-52
0.734	367	41	62	2	-51
0.736	368	40	56	3	-47
0.738	369	38	50	3	-44
0.74	370	37	47	3	-42
0.742	371	35	41	3	-41
0.744	372	33	35	3	-39
0.746	373	31	29	3	-41
0.748	374	30	27	3	-36
0.75	375	28	22	3	-34
0.752	376	26	17	3	-29
0.754	377	24	15	2	-29
0.756	378	21	7	2	-24
0.758	379	19	2	2	-24
0.76	380	17	-2	2	-18
0.762	381	15	-6	2	-19
0.764	382	12	-10	1	-17
0.766	383	10	-14	1	-17
0.768	384	8	-18	1	-14
0.77	385	5	-22	0	-12
0.772	386	3	-26	0	-9
0.774	387	0	-33	0	-8
0.776	388	-1	-31	-1	-4
0.778	389	-3	-35	-1	-3
0.78	390	-6	-39	-2	2
0.782	391	-8	-40	-3	3
0.784	392	-11	-47	-3	2
0.786	393	-13	-51	-3	6
0.788	394	-15	-52	-4	7
0.79	395	-18	-59	-4	8
0.792	396	-20	-60	-5	8
0.794	397	-22	-64	-5	34
0.796	398	-24	-65	-6	35
0.798	399	-27	-69	-7	23
0.8	400	-29	-73	-7	24
0.802	401	-31	-74	-8	24
0.804	402	-32	-72	-9	24
0.806	403	-34	-73	-10	29
0.808	404	-36	-77	-10	31
0.81	405	-38	-78	-11	31
0.812	406	-39	-77	-12	50
0.814	407	-41	-82	-12	45
0.816	408	-42	-81	-13	47
0.818	409	-43	-83	-13	48
0.82	410	-44	-82	-14	50
0.822	411	-45	-84	-14	50
0.824	412	-46	-83	-15	51
0.826	413	-47	-85	-15	52
0.828	414	-48	-87	-15	52
0.83	415	-48	-83	-16	65
0.832	416	-49	-85	-16	60
0.834	417	-49	-84	-16	78
0.836	418	-49	-83	-16	80
0.838	419	-49	-79	-17	78
0.84	420	-49	-78	-17	78
0.842	421	-48	-74	-17	82
0.844	422	-48	-73	-17	75
0.846	423	-47	-69	-17	72
0.848	424	-47	-68	-17	71
0.85	425	-46	-64	-17	68
0.852	426	-45	-60	-17	81
0.854	427	-44	-56	-17	81
0.856	428	-42	-49	-17	82
0.858	429	-41	-46	-17	85
0.86	430	-39	-43	-16	88
0.862	431	-38	-40	-16	86
0.864	432	-36	-34	-16	82
0.866	433	-34	-28	-16	80
0.868	434	-32	-25	-15	72
0.87	435	-30	-19	-15	75
0.872	436	-28	-16	-14	77
0.874	437	-26	-10	-14	76
0.876	438	-23	-4	-13	83
0.878	439	-21	-1	-12	82
0.88	440	-18	7	-12	85
0.882	441	-16	9	-11	82
0.884	442	-13	14	-10	82
0.886	443	-10	19	-9	79
0.888	444	-8	21	-8	76
0.89	445	-5	26	-7	73
0.892	446	-2	28	-5	73
0.894	447	0	30	-4	70
0.896	448	3	32	-2	75
0.898	449	5	34	-1	75
0.9	450	8	36	1	73
0.902	451	11	41	2	71
0.904	452	14	43	4	67
0.906	453	16	42	6	58
0.908	454	19	44	8	57
0.91	455	22	49	9	46
0.912	456	24	48	11	41
0.914	457	27	50	13	39
0.916	458	29	49	15	27
0.918	459	31	48	17	35
0.92	460	34	50	19	23
0.922	461	36	46	22	32
0.924	462	38	45	24	15
0.926	463	39	41	26	20
0.928	464	41	40	28	0
0.93	465	43	39	30	4
0.932	466	44	35	32	-1
0.934	467	46	34	34	-1
0.936	468	47	30	36	-2
0.938	469	48	26	38	-2
0.94	470	48	19	40	-1
0.942	471	49	15	42	2
0.944	472	50	14	43	-1
0.946	473	50	8	45	-9
0.948	474	50	5	46	-11
0.95	475	50	2	47	-13
0.952	476	50	-3	49	-13
0.954	477	49	-8	50	-4
0.956	478	49	-10	51	-26
0.958	479	48	-15	52	-29
0.96	480	47	-20	53	-16
0.962	481	46	-22	53	-19
0.964	482	45	-27	54	-18
0.966	483	43	-32	54	-24
0.968	484	42	-34	54	-38
0.97	485	40	-39	54	-34
0.972	486	38	-44	54	-29
0.974	487	36	-49	54	-44
0.976	488	34	-51	53	-45
0.978	489	31	-59	53	-49
0.98	490	29	-61	52	-46
0.982	491	26	-69	52	-40
0.984	492	24	-71	51	-43
0.986	493	21	-76	50	-53
0.988	494	18	-81	49	-45
0.99	495	15	-86	48	-43
0.992	496	12	-91	47	-43
0.994	497	9	-93	45	-40
0.996	498	6	-98	44	-48
0.998	499	3	-100	42	-41
1	500	0	-102	40	-30
1.002	501	-3	-104	38	-31
1.004	502	-6	-106	36	-31
1.006	503	-9	-108	34	-36
1.008	504	-12	-110	32	-31
1.01	505	-15	-109	29	-20
1.012	506	-18	-111	27	-12
1.014	507	-21	-113	25	-23
1.016	508	-24	-112	22	-21
1.018	509	-26	-108	19	-13
1.02	510	-29	-110	17	-6
1.022	511	-31	-106	14	0
1.024	512	-34	-105	11	-15
1.026	513	-36	-101	8	-19
1.028	514	-38	-97	5	-6
1.03	515	-40	-93	2	-5
1.032	516	-42	-89	-1	-2
1.034	517	-43	-85	-3	-7
1.036	518	-45	-81	-6	-18
1.038	519	-46	-74	-9	6
1.04	520	-47	-67	-12	10
1.042	521	-48	-64	-14	3
1.044	522	-48	-55	-17	2
1.046	523	-49	-52	-19	11
1.048	524	-49	-46	-21	17
1.05	525	-49	-37	-24	25
1.052	526	-49	-31	-26	10
1.054	527	-48	-22	-28	17
1.056	528	-47	-13	-30	40
1.058	529	-47	-7	-32	43
1.06	530	-45	4	-34	27
1.062	531	-44	11	-36	22
1.064	532	-43	15	-37	20
1.066	533	-41	22	-38	35
1.068	534	-39	32	-40	38
1.07	535	-37	39	-41	34
1.072	536	-34	49	-42	24
1.074	537	-32	53	-42	42
1.076	538	-29	63	-43	43
1.078	539	-27	67	-43	42
1.08	540	-24	74	-43	30
1.082	541	-21	84	-44	19
1.084	542	-18	91	-44	27
1.086	543	-14	101	-44	35
1.088	544	-11	105	-43	28
1.09	545	-8	112	-43	22
1.092	546	-4	119	-42	22
1.094	547	-1	123	-41	26
1.096	548	1	124	-40	26
1.098	549	5	128	-38	17
1.1	550	8	132	-37	7
1.102	551	12	139	-36	6
1.104	552	15	140	-34	6
1.106	553	18	144	-33	9
1.108	554	21	145	-31	3
1.11	555	25	149	-29	0
1.112	556	28	150	-27	-12
1.114	557	30	148	-25	6
1.116	558	33	146	-22	-6
1.118	559	36	147	-20	-7
1.12	560	38	145	-18	-9
1.122	561	40	140	-15	-11
1.124	562	42	138	-13	-19
1.126	563	44	133	-10	-11
1.128	564	46	128	-7	-23
1.13	565	47	124	-5	-30
1.132	566	48	117	-2	-22
1.134	567	49	113	0	-29
1.136	568	50	109	2	-25
1.138	569	50	99	5	-39
1.14	570	50	92	7	-42
1.142	571	50	85	9	-44
1.144	572	49	75	11	-40
1.146	573	49	69	13	-54
1.148	574	48	60	15	-56
1.15	575	47	51	17	-55
1.152	576	45	39	19	-63
1.154	577	44	33	20	-53
1.156	578	42	21	22	-66
1.158	579	40	12	23	-65
1.16	580	37	0	24	-68
1.162	581	35	-7	25	-70
1.164	582	32	-14	25	-70
1.166	583	29	-24	26	-71
1.168	584	26	-31	26	-76
1.17	585	23	-38	26	-72
1.172	586	20	-45	26	-71
1.174	587	16	-55	26	-68
1.176	588	13	-59	25	-70
1.178	589	9	-69	25	-72
1.18	590	5	-76	24	-68
1.182	591	2	-80	23	-66
1.184	592	-1	-84	22	-57
1.186	593	-5	-91	21	-57
1.188	594	-8	-95	20	-55
1.19	595	-12	-99	18	-46
1.192	596	-16	-103	16	-40
1.194	597	-19	-107	15	-34
1.196	598	-22	-108	13	-32
1.198	599	-26	-112	11	-32
1.2	600	-29	-110	8	-25
1.202	601	-32	-111	6	-16
1.204	602	-35	-112	4	-16
1.206	603	-37	-107	1	-12
1.208	604	-39	-105	-1	-7
1.21	605	-42	-103	-4	0
1.212	606	-43	-95	-7	2
1.214	607	-45	-94	-9	2
1.216	608	-46	-87	-12	7
1.218	609	-47	-80	-15	1
1.22	610	-48	-76	-17	16
1.222	611	-49	-69	-20	7
1.224	612	-49	-62	-22	11
1.226	613	-49	-55	-24	14
1.228	614	-49	-45	-27	17
1.23	615	-48	-35	-29	21
1.232	616	-47	-26	-31	54
1.234	617	-46	-17	-33	29
1.236	618	-44	-5	-35	28
1.238	619	-42	6	-37	32
1.24	620	-40	14	-38	22
1.242	621	-38	22	-39	38
1.244	622	-35	36	-41	47
1.246	623	-32	46	-42	39
1.248	624	-29	53	-42	55
1.25	625	-26	63	-43	67
1.252	626	-23	70	-43	67
1.254	627	-19	80	-43	66
1.256	628	-16	87	-43	70
1.258	629	-12	94	-42	62
1.26	630	-8	104	-42	68
1.262	631	-4	111	-41	77
1.264	632	0	118	-40	58
1.266	633	3	122	-39	79
1.268	634	7	126	-37	78
1.27	635	11	133	-36	78
1.272	636	15	137	-34	74
1.274	637	18	138	-32	70
1.276	638	22	142	-30	54
1.278	639	26	146	-28	62
1.28	640	29	144	-25	47
1.282	641	32	145	-23	43
1.284	642	35	146	-21	40
1.286	643	38	144	-18	41
1.288	644	40	139	-15	36
1.29	645	43	137	-12	40
1.292	646	45	129	-8	21
1.294	647	46	122	-5	16
1.296	648	48	118	-2	13
1.298	649	49	108	2	7
1.3	650	49	98	5	3
1.302	651	50	91	8	-3
1.304	652	50	78	12	-4
1.306	653	50	68	15	1
1.308	654	49	53	19	4
1.31	655	48	41	22	-2
1.312	656	47	29	25	-5
1.314	657	45	14	28	-6
1.316	658	44	2	31	-10
1.318	659	41	-11	33	-11
1.32	660	39	-21	35	-21
1.322	661	36	-34	37	-16
1.324	662	33	-47	39	-9
1.326	663	30	-60	41	-32
1.328	664	26	-76	43	-26
1.33	665	23	-86	44	-20
1.332	666	19	-99	45	-28
1.334	667	15	-112	46	-25
1.336	668	11	-124	47	-29
1.338	669	7	-133	47	-49
1.34	670	3	-142	47	-39
1.342	671	0	-148	47	-33
1.344	672	-5	-157	46	-48
1.346	673	-9	-166	46	-40
1.348	674	-13	-172	45	-47
1.35	675	-17	-175	43	-41
1.352	676	-21	-181	42	-32
1.354	677	-25	-184	40	-36
1.356	678	-28	-184	38	-38
1.358	679	-32	-187	36	-30
1.36	680	-35	-187	34	-27
1.362	681	-38	-184	31	-15
1.364	682	-40	-182	29	-9
1.366	683	-42	-177	26	-20
1.368	684	-44	-172	23	14
1.37	685	-46	-167	20	19
1.372	686	-47	-159	17	18
1.374	687	-48	-151	14	19
1.376	688	-49	-140	10	20
1.378	689	-49	-130	7	27
1.38	690	-49	-120	4	44
1.382	691	-48	-104	0	39
1.384	692	-47	-91	-3	34
1.386	693	-46	-78	-6	48
1.388	694	-44	-63	-9	55
1.39	695	-42	-48	-12	56
1.392	696	-40	-36	-14	49
1.394	697	-37	-18	-17	46
1.396	698	-34	-3	-19	48
1.398	699	-31	10	-21	54
1.4	700	-28	23	-23	57
1.402	701	-24	39	-25	48
1.404	702	-20	52	-26	51
1.406	703	-16	68	-28	60
1.408	704	-12	78	-28	69
1.41	705	-8	91	-29	66
1.412	706	-3	103	-29	61
1.414	707	0	109	-29	63
1.416	708	5	121	-29	67
1.418	709	9	127	-28	75
1.42	710	14	136	-27	68
1.422	711	18	142	-26	71
1.424	712	22	148	-25	71
1.426	713	26	154	-24	82
1.428	714	30	157	-22	79
1.43	715	33	157	-20	67
1.432	716	36	157	-18	62
1.434	717	39	157	-16	61
1.436	718	42	155	-13	55
1.438	719	44	150	-10	47
1.44	720	46	148	-8	32
1.442	721	48	143	-5	27
1.444	722	49	135	-2	27
1.446	723	50	127	1	23
1.448	724	50	113	5	10
1.45	725	50	103	8	-6
1.452	726	49	90	11	-13
1.454	727	49	80	14	-16
1.456	728	47	64	17	-21
1.458	729	46	48	21	-37
1.46	730	44	33	24	-33
1.462	731	41	18	26	-45
1.464	732	38	0	29	-31
1.466	733	35	-14	31	-31
1.468	734	32	-31	34	-35
1.47	735	28	-47	36	-36
1.472	736	24	-63	38	-55
1.474	737	20	-79	40	-32
1.476	738	16	-92	41	-41
1.478	739	11	-108	42	-32
1.48	740	7	-121	43	-38
1.482	741	2	-133	43	-35
1.484	742	-2	-142	43	-34
1.486	743	-6	-151	43	-27
1.488	744	-11	-160	42	-42
1.49	745	-15	-166	41	-50
1.492	746	-20	-175	40	-52
1.494	747	-24	-181	39	-45
1.496	748	-28	-184	37	-56
1.498	749	-32	-187	35	-47
1.5	750	-35	-187	33	-61
1.502	751	-38	-184	30	-43
1.504	752	-41	-184	28	-50
1.506	753	-43	-179	25	-42
1.508	754	-45	-174	22	-60
1.51	755	-47	-169	19	-54
1.512	756	-48	-158	15	-53
1.514	757	-49	-150	12	-39
1.516	758	-49	-136	8	-36
1.518	759	-49	-126	5	-29
1.52	760	-48	-110	1	-16
1.522	761	-47	-97	-2	2
1.524	762	-46	-81	-6	13
1.526	763	-44	-65	-9	13
1.528	764	-41	-44	-13	19
1.53	765	-38	-26	-16	32
1.532	766	-35	-8	-19	36
1.534	767	-32	8	-22	51
1.536	768	-28	27	-25	45
1.538	769	-24	46	-28	58
1.54	770	-20	62	-30	63
1.542	771	-15	81	-32	67
1.544	772	-11	97	-34	68
1.546	773	-6	112	-35	54
1.548	774	-1	127	-36	49
1.55	775	3	139	-37	55
1.552	776	8	154	-38	52
1.554	777	13	166	-38	59
1.556	778	17	175	-38	45
1.558	779	22	184	-37	41
1.56	780	26	193	-37	33
1.562	781	30	199	-36	37
1.564	782	34	200	-34	21
1.566	783	37	200	-33	20
1.568	784	40	200	-31	13
1.57	785	43	200	-29	17
1.572	786	45	197	-27	20
1.574	787	47	191	-24	13
1.576	788	49	185	-21	10
1.578	789	50	180	-19	13
1.58	790	50	169	-16	12
1.582	791	50	158	-13	8
1.584	792	49	144	-10	5
1.586	793	48	127	-6	0
1.588	794	47	114	-3	-14
1.59	795	45	98	0	-8
1.592	796	42	76	4	-2
1.594	797	39	58	7	-7
1.596	798	36	40	10	-3
1.598	799	33	22	13	-7
1.6	800	29	4	15	-24
1.602	801	24	-18	18	-23
1.604	802	20	-34	20	-35
1.606	803	15	-53	22	-58
1.608	804	10	-72	24	-50
1.61	805	5	-88	25	-55
1.612	806	0	-106	27	-65
1.614	807	-4	-115	27	-61
1.616	808	-9	-130	28	-67
1.618	809	-14	-142	28	-72
1.62	810	-19	-154	28	-72
1.622	811	-23	-163	28	-83
1.624	812	-28	-172	27	-93
1.626	813	-32	-178	26	-90
1.628	814	-35	-181	25	-87
1.63	815	-39	-184	23	-87
1.632	816	-42	-184	21	-68
1.634	817	-44	-181	19	-70
1.636	818	-46	-178	17	-60
1.638	819	-48	-172	14	-45
1.64	820	-48	-164	12	-44
1.642	821	-49	-156	9	-39
1.644	822	-49	-145	6	-30
1.646	823	-48	-131	3	-28
1.648	824	-47	-114	-1	-4
1.65	825	-46	-101	-4	12
1.652	826	-43	-82	-7	19
1.654	827	-41	-63	-11	38
1.656	828	-38	-44	-14	45
1.658	829	-34	-23	-17	45
1.66	830	-30	-2	-20	60
1.662	831	-26	18	-23	40
1.664	832	-22	37	-26	40
1.666	833	-17	59	-29	48
1.668	834	-12	78	-31	43
1.67	835	-7	97	-33	44
1.672	836	-1	116	-34	52
1.674	837	3	128	-35	39
1.676	838	8	143	-36	46
1.678	839	13	158	-37	41
1.68	840	18	170	-37	55
1.682	841	23	182	-37	36
1.684	842	28	194	-37	28
1.686	843	32	200	-36	18
1.688	844	36	200	-35	27
1.69	845	39	200	-34	23
1.692	846	42	200	-32	38
1.694	847	45	200	-30	32
1.696	848	47	197	-28	40
1.698	849	49	192	-25	48
1.7	850	50	187	-23	47
1.702	851	50	176	-20	36
1.704	852	50	165	-17	34
1.706	853	49	151	-14	29
1.708	854	48	137	-11	31
1.71	855	46	121	-8	31
1.712	856	44	105	-5	27
1.714	857	41	83	-1	21
1.716	858	37	62	2	24
1.718	859	34	44	5	19
1.72	860	29	20	8	-10
1.722	861	25	0	11	-14
1.724	862	20	-22	14	-21
1.726	863	15	-44	17	-30
1.728	864	10	-63	19	-30
1.73	865	4	-85	21	-33
1.732	866	0	-100	23	-54
1.734	867	-5	-118	25	-46
1.736	868	-11	-136	26	-46
1.738	869	-16	-151	27	-64
1.74	870	-21	-163	27	-64
1.742	871	-26	-178	28	-73
1.744	872	-30	-187	28	-72
1.746	873	-34	-196	28	-58
1.748	874	-38	-200	27	-63
1.75	875	-41	-200	26	-62
1.752	876	-44	-200	24	-49
1.754	877	-46	-200	23	-41
1.756	878	-48	-197	21	-36
1.758	879	-49	-191	19	-32
1.76	880	-49	-179	16	-35
1.762	881	-49	-170	14	-16
1.764	882	-48	-156	11	-3
1.766	883	-46	-139	8	5
1.768	884	-44	-122	5	17
1.77	885	-42	-106	2	24
1.772	886	-39	-87	-1	32
1.774	887	-35	-65	-4	45
1.776	888	-31	-43	-7	38
1.778	889	-27	-22	-10	43
1.78	890	-22	-1	-12	47
1.782	891	-17	22	-15	57
1.784	892	-11	44	-17	48
1.786	893	-6	66	-20	47
1.788	894	0	88	-22	46
1.79	895	4	101	-23	51
1.792	896	10	122	-25	53
1.794	897	15	137	-26	47
1.796	898	21	152	-26	43
1.798	899	26	167	-27	41
1.8	900	30	176	-27	46
1.802	901	35	188	-27	48
1.804	902	39	194	-26	47
1.806	903	42	197	-25	48
1.808	904	45	197	-23	50
1.81	905	47	197	-22	52
1.812	906	49	194	-20	56
1.814	907	50	185	-17	53
1.816	908	50	176	-15	48
1.818	909	50	165	-12	47
1.82	910	49	151	-9	48
1.822	911	47	134	-6	46
1.824	912	45	117	-3	40
1.826	913	42	98	0	34
1.828	914	39	79	3	27
1.83	915	35	57	6	28
1.832	916	31	36	9	10
1.834	917	26	12	12	0
1.836	918	21	-11	15	-6
1.838	919	16	-33	18	-16
1.84	920	10	-55	20	-26
1.842	921	4	-80	23	-30
1.844	922	-1	-99	25	-48
1.846	923	-6	-117	27	-50
1.848	924	-12	-135	28	-45
1.85	925	-18	-153	29	-57
1.852	926	-23	-168	30	-62
1.854	927	-28	-183	31	-60
1.856	928	-32	-192	31	-64
1.858	929	-36	-198	30	-59
1.86	930	-40	-200	30	-56
1.862	931	-43	-200	29	-57
1.864	932	-46	-200	28	-55
1.866	933	-47	-194	26	-42
1.868	934	-49	-194	25	-39
1.87	935	-49	-186	23	-29
1.872	936	-49	-178	21	-24
1.874	937	-48	-164	18	-17
1.876	938	-46	-150	16	-4
1.878	939	-44	-133	13	6
1.88	940	-41	-114	10	11
1.882	941	-38	-95	7	19
1.884	942	-34	-73	4	27
1.886	943	-29	-49	1	34
1.888	944	-24	-25	-2	38
1.89	945	-19	-4	-4	38
1.892	946	-13	21	-7	39
1.894	947	-8	40	-9	43
1.896	948	-2	65	-12	43
1.898	949	3	81	-13	51
1.9	950	9	102	-15	49
1.902	951	15	123	-17	42
1.904	952	21	141	-18	44
1.906	953	26	156	-19	47
1.908	954	31	168	-19	37
1.91	955	35	177	-19	40
1.912	956	39	183	-18	36
1.914	957	43	192	-18	36
1.916	958	46	195	-17	44
1.918	959	48	195	-16	42
1.92	960	49	189	-14	40
1.922	961	50	183	-12	41
1.924	962	50	174	-10	40
1.926	963	49	162	-8	37
1.928	964	48	151	-6	35
1.93	965	46	134	-3	29
1.932	966	43	114	0	23
1.934	967	39	94	2	29
1.936	968	35	72	5	20
1.938	969	31	50	8	18
1.94	970	26	28	10	6
1.942	971	20	1	13	-4
1.944	972	15	-19	15	-8
1.946	973	9	-45	18	-25
1.948	974	3	-67	20	-33
1.95	975	-2	-86	22	-36
1.952	976	-9	-111	24	-35
1.954	977	-14	-127	25	-37
1.956	978	-20	-145	26	-41
1.958	979	-26	-163	27	-53
1.96	980	-31	-175	27	-53
1.962	981	-35	-184	27	-55
1.964	982	-39	-193	27	-65
1.966	983	-42	-196	26	-64
1.968	984	-45	-199	25	-63
1.97	985	-47	-199	24	-60
1.972	986	-48	-193	22	-55
1.974	987	-49	-190	21	-49
1.976	988	-49	-181	19	-46
1.978	989	-48	-167	16	-36
1.98	990	-46	-153	14	-29
1.982	991	-43	-133	11	-24
1.984	992	-40	-114	8	-14
1.986	993	-36	-92	5	-8
1.988	994	-32	-73	3	0
1.99	995	-27	-48	0	16
1.992	996	-22	-24	-3	23
1.994	997	-16	2	-6	26
1.996	998	-10	24	-8	43
1.998	999	-4	49	-11	47
2	1000	2	71	-13	52
2.002	1001	8	93	-15	56
2.004	1002	14	114	-17	53
2.006	1003	20	132	-18	48
2.008	1004	26	153	-20	59
2.01	1005	31	165	-20	52
2.012	1006	35	177	-21	52
2.014	1007	40	189	-21	51
2.016	1008	43	192	-20	48
2.018	1009	46	198	-20	44
2.02	1010	48	198	-19	48
2.022	1011	49	192	-17	28
2.024	1012	50	189	-16	32
2.026	1013	50	180	-14	29
2.028	1014	49	168	-12	26
2.03	1015	47	154	-10	22
2.032	1016	44	134	-7	13
2.034	1017	41	117	-5	14
2.036	1018	37	98	-3	6
2.038	1019	32	76	-1	-1
2.04	1020	27	51	2	-7
2.042	1021	21	27	4	-13
2.044	1022	15	3	6	-18
2.046	1023	9	-23	9	-20
2.048	1024	3	-45	11	-24
2.05	1025	-3	-67	13	-40
2.052	1026	-9	-89	15	-19
2.054	1027	-15	-111	17	-29
2.056	1028	-21	-129	18	-29
2.058	1029	-27	-147	19	-35
2.06	1030	-32	-162	20	-39
2.062	1031	-36	-171	20	-47
2.064	1032	-40	-177	19	-38
2.066	1033	-44	-186	19	-49
2.068	1034	-46	-186	18	-51
2.07	1035	-48	-186	17	-47
2.072	1036	-49	-183	16	-43
2.074	1037	-49	-177	15	-42
2.076	1038	-48	-166	13	-37
2.078	1039	-46	-152	11	-43
2.08	1040	-44	-138	9	-34
2.082	1041	-41	-118	6	-31
2.084	1042	-37	-99	4	-28
2.086	1043	-32	-74	1	-24
2.088	1044	-27	-52	-1	-15
2.09	1045	-21	-25	-4	-5
2.092	1046	-15	-1	-6	12
2.094	1047	-9	25	-9	21
2.096	1048	-3	47	-11	20
2.098	1049	3	69	-13	29
2.1	1050	10	94	-15	42
2.102	1051	16	113	-16	46
2.104	1052	22	134	-18	49
2.106	1053	28	152	-19	48
2.108	1054	33	167	-20	60
2.11	1055	38	179	-20	63
2.112	1056	42	188	-20	67
2.114	1057	45	191	-19	61
2.116	1058	47	194	-19	58
2.118	1059	49	194	-18	55
2.12	1060	50	191	-17	54
2.122	1061	50	182	-15	43
2.124	1062	49	170	-13	37
2.126	1063	47	159	-12	31
2.128	1064	44	139	-9	25
2.13	1065	41	122	-7	21
2.132	1066	37	103	-5	9
2.134	1067	32	78	-2	-2
2.136	1068	26	53	0	-9
2.138	1069	20	26	3	-12
2.14	1070	14	2	5	-26
2.142	1071	7	-27	8	-31
2.144	1072	1	-49	10	-40
2.146	1073	-5	-71	12	-39
2.148	1074	-12	-96	14	-38
2.15	1075	-18	-115	15	-41
2.152	1076	-24	-136	17	-45
2.154	1077	-30	-154	18	-46
2.156	1078	-35	-166	18	-43
2.158	1079	-39	-178	19	-39
2.16	1080	-43	-187	19	-46
2.162	1081	-46	-190	18	-50
2.164	1082	-48	-193	18	-42
2.166	1083	-49	-187	16	-39
2.168	1084	-49	-181	15	-35
2.17	1085	-48	-169	13	-34
2.172	1086	-47	-161	12	-30
2.174	1087	-44	-144	10	-25
2.176	1088	-41	-124	7	-18
2.178	1089	-36	-101	5	-12
2.18	1090	-32	-82	3	-6
2.182	1091	-26	-54	0	-3
2.184	1092	-20	-30	-2	9
2.186	1093	-14	-6	-4	16
2.188	1094	-7	23	-7	25
2.19	1095	0	48	-9	24
2.192	1096	6	70	-11	33
2.194	1097	12	92	-13	36
2.196	1098	19	114	-14	42
2.198	1099	25	135	-16	42
2.2	1100	31	153	-17	44
2.202	1101	36	168	-18	50
2.204	1102	40	177	-18	52
2.206	1103	44	186	-18	53
2.208	1104	47	192	-18	48
2.21	1105	49	192	-17	44
2.212	1106	50	189	-16	56
2.214	1107	50	183	-15	55
2.216	1108	49	171	-13	48
2.218	1109	47	160	-12	48
2.22	1110	44	143	-10	37
2.222	1111	41	123	-7	36
2.224	1112	36	100	-5	32
2.226	1113	31	78	-3	17
2.228	1114	25	50	0	9
2.23	1115	19	26	2	7
2.232	1116	12	-3	5	-3
2.234	1117	5	-29	7	-6
2.236	1118	-1	-54	10	-23
2.238	1119	-8	-79	12	-27
2.24	1120	-15	-101	13	-33
2.242	1121	-21	-123	15	-27
2.244	1122	-27	-141	16	-40
2.246	1123	-33	-159	17	-48
2.248	1124	-38	-174	18	-55
2.25	1125	-42	-183	18	-59
2.252	1126	-45	-189	18	-52
2.254	1127	-47	-192	18	-54
2.256	1128	-49	-192	17	-52
2.258	1129	-49	-186	16	-50
2.26	1130	-48	-177	15	-40
2.262	1131	-47	-168	14	-36
2.264	1132	-44	-151	12	-32
2.266	1133	-41	-134	10	-31
2.268	1134	-36	-111	8	-23
2.27	1135	-31	-89	6	-13
2.272	1136	-25	-61	3	2
2.274	1137	-19	-36	1	4
2.276	1138	-12	-9	-1	23
2.278	1139	-5	17	-3	28
2.28	1140	1	42	-6	43
2.282	1141	8	67	-8	45
2.284	1142	15	89	-9	48
2.286	1143	22	114	-11	49
2.288	1144	28	132	-12	58
2.29	1145	33	147	-13	59
2.292	1146	38	162	-14	66
2.294	1147	43	174	-14	41
2.296	1148	46	180	-14	55
2.298	1149	48	183	-14	60
2.3	1150	50	183	-13	67
2.302	1151	50	177	-12	52
2.304	1152	49	168	-11	50
2.306	1153	47	154	-9	35
2.308	1154	45	143	-8	40
2.31	1155	41	123	-6	26
2.312	1156	36	97	-3	14
2.314	1157	31	75	-1	6
2.316	1158	25	50	1	14
2.318	1159	19	23	4	8
2.32	1160	12	-3	6	0
2.322	1161	4	-32	8	-7
2.324	1162	-2	-54	10	-23
2.326	1163	-9	-79	12	-19
2.328	1164	-16	-101	13	-32
2.33	1165	-23	-126	15	-49
2.332	1166	-29	-144	16	-50
2.334	1167	-35	-162	17	-43
2.336	1168	-39	-171	17	-38
2.338	1169	-43	-180	17	-37
2.34	1170	-46	-186	17	-42
2.342	1171	-48	-186	16	-41
2.344	1172	-49	-186	16	-37
2.346	1173	-49	-180	15	-36
2.348	1174	-47	-165	13	-44
2.35	1175	-45	-154	12	-38
2.352	1176	-42	-137	10	-33
2.354	1177	-37	-114	8	-14
2.356	1178	-32	-92	6	-5
2.358	1179	-26	-67	4	4
2.36	1180	-20	-42	2	3
2.362	1181	-13	-15	0	16
2.364	1182	-6	11	-2	19
2.366	1183	1	37	-4	24
2.368	1184	8	62	-6	23
2.37	1185	15	87	-8	28
2.372	1186	22	112	-10	42
2.374	1187	29	133	-11	58
2.376	1188	34	148	-12	52
2.378	1189	39	163	-13	47
2.38	1190	44	175	-13	48
2.382	1191	47	181	-13	53
2.384	1192	49	184	-13	62
2.386	1193	50	181	-12	52
2.388	1194	50	175	-11	49
2.39	1195	49	166	-10	47
2.392	1196	46	152	-9	49
2.394	1197	43	135	-7	44
2.396	1198	39	115	-5	33
2.398	1199	33	90	-3	21
2.4	1200	28	68	-1	17
2.402	1201	21	40	1	16
2.404	1202	14	13	3	-1
2.406	1203	6	-16	5	-11
2.408	1204	0	-39	7	-19
2.41	1205	-8	-67	9	-24
2.412	1206	-15	-92	11	-27
2.414	1207	-22	-117	13	-35
2.416	1208	-28	-135	14	-39
2.418	1209	-34	-153	15	-46
2.42	1210	-39	-165	15	-39
2.422	1211	-43	-177	16	-53
2.424	1212	-46	-183	16	-59
2.426	1213	-48	-186	16	-67
2.428	1214	-49	-183	15	-55
2.43	1215	-49	-177	14	-49
2.432	1216	-47	-165	13	-44
2.434	1217	-44	-151	12	-45
2.436	1218	-41	-134	10	-33
2.438	1219	-36	-111	8	-19
2.44	1220	-31	-89	6	-20
2.442	1221	-24	-61	4	-11
2.444	1222	-17	-33	2	-17
2.446	1223	-10	-6	0	4
2.448	1224	-2	26	-3	18
2.45	1225	4	48	-5	29
2.452	1226	12	76	-7	35
2.454	1227	19	98	-8	43
2.456	1228	26	123	-10	55
2.458	1229	32	141	-11	36
2.46	1230	38	159	-12	62
2.462	1231	42	168	-12	52
2.464	1232	46	177	-12	63
2.466	1233	48	180	-12	62
2.468	1234	50	180	-11	63
2.47	1235	50	177	-11	52
2.472	1236	49	168	-10	59
2.474	1237	47	154	-8	47
2.476	1238	43	137	-7	38
2.478	1239	39	117	-5	30
2.48	1240	33	91	-3	16
2.482	1241	27	69	-2	7
2.484	1242	20	41	0	9
2.486	1243	13	14	2	-11
2.488	1244	5	-15	4	-16
2.49	1245	-2	-41	6	-23
2.492	1246	-9	-66	8	-30
2.494	1247	-17	-94	10	-42
2.496	1248	-24	-116	11	-45
2.498	1249	-30	-134	12	-55
2.5	1250	-36	-152	13	-35
2.502	1251	-41	-167	14	-46
2.504	1252	-45	-176	14	-56
2.506	1253	-47	-179	14	-56
2.508	1254	-49	-182	14	-57
2.51	1255	-49	-176	13	-52
2.512	1256	-48	-167	12	-39
2.514	1257	-46	-156	11	-49
2.516	1258	-42	-136	9	-39
2.518	1259	-38	-119	8	-20
2.52	1260	-32	-94	6	-14
2.522	1261	-26	-69	4	-10
2.524	1262	-19	-41	2	-2
2.526	1263	-12	-14	0	-3
2.528	1264	-4	18	-3	15
2.53	1265	3	44	-5	28
2.532	1266	11	72	-7	25
2.534	1267	19	97	-8	32
2.536	1268	26	122	-10	42
2.538	1269	32	140	-11	39
2.54	1270	38	155	-11	54
2.542	1271	43	170	-12	60
2.544	1272	46	176	-12	54
2.546	1273	49	182	-12	64
2.548	1274	50	179	-11	61
2.55	1275	50	176	-11	51
2.552	1276	48	164	-10	53
2.554	1277	46	150	-8	46
2.556	1278	42	133	-7	33
2.558	1279	37	110	-5	37
2.56	1280	31	88	-4	21
2.562	1281	25	63	-2	15
2.564	1282	17	32	0	12
2.566	1283	10	5	2	4
2.568	1284	2	-24	4	-17
2.57	1285	-5	-50	6	-16
2.572	1286	-13	-78	8	-34
2.574	1287	-21	-106	10	-38
2.576	1288	-28	-128	11	-42
2.578	1289	-34	-146	12	-50
2.58	1290	-39	-158	12	-31
2.582	1291	-44	-173	13	-46
2.584	1292	-47	-179	13	-51
2.586	1293	-48	-179	13	-58
2.588	1294	-49	-179	13	-55
2.59	1295	-48	-170	12	-59
2.592	1296	-46	-158	11	-45
2.594	1297	-43	-141	9	-50
2.596	1298	-38	-121	8	-39
2.598	1299	-33	-98	6	-20
2.6	1300	-26	-70	4	-13
2.602	1301	-19	-45	3	-4
2.604	1302	-11	-15	1	4
2.606	1303	-3	14	-1	5
2.608	1304	4	40	-3	16
2.61	1305	12	68	-5	30
2.612	1306	20	96	-7	35
2.614	1307	27	118	-8	42
2.616	1308	34	139	-9	55
2.618	1309	39	154	-10	54
2.62	1310	44	166	-10	51
2.622	1311	47	175	-11	71
2.624	1312	49	178	-11	61
2.626	1313	50	178	-11	67
2.628	1314	49	169	-10	65
2.63	1315	47	157	-9	51
2.632	1316	44	143	-8	45
2.634	1317	40	123	-6	48
2.636	1318	34	100	-5	28
2.638	1319	28	75	-3	32
2.64	1320	21	47	-1	13
2.642	1321	13	17	1	2
2.644	1322	5	-12	3	-2
2.646	1323	-3	-41	5	-11
2.648	1324	-11	-69	7	-38
2.65	1325	-19	-94	8	-33
2.652	1326	-26	-116	9	-43
2.654	1327	-33	-137	10	-38
2.656	1328	-38	-152	11	-40
2.658	1329	-43	-167	12	-60
2.66	1330	-46	-173	12	-63
2.662	1331	-48	-176	12	-58
2.664	1332	-49	-176	12	-57
2.666	1333	-48	-167	11	-55
2.668	1334	-46	-156	10	-55
2.67	1335	-43	-142	9	-44
2.672	1336	-38	-122	8	-38
2.674	1337	-32	-96	6	-13
2.676	1338	-25	-71	5	-18
2.678	1339	-18	-43	3	-5
2.68	1340	-10	-13	1	-1
2.682	1341	-2	16	-1	13
2.684	1342	6	42	-2	29
2.686	1343	14	70	-4	32
2.688	1344	22	98	-6	43
2.69	1345	29	120	-7	56
2.692	1346	36	141	-8	64
2.694	1347	41	156	-9	50
2.696	1348	45	165	-9	53
2.698	1349	48	171	-9	63
2.7	1350	50	174	-9	68
2.702	1351	50	168	-8	66
2.704	1352	49	159	-7	62
2.706	1353	46	145	-6	41
2.708	1354	42	128	-5	53
2.71	1355	37	108	-4	48
2.712	1356	30	80	-2	26
2.714	1357	23	55	-1	14
2.716	1358	15	24	1	2
2.718	1359	7	-5	3	-3
2.72	1360	-1	-34	5	-10
2.722	1361	-9	-62	7	-20
2.724	1362	-17	-87	8	-37
2.726	1363	-25	-115	10	-39
2.728	1364	-32	-137	11	-28
2.73	1365	-38	-152	11	-34
2.732	1366	-43	-167	12	-53
2.734	1367	-46	-173	12	-72
2.736	1368	-48	-176	12	-68
2.738	1369	-49	-173	11	-57
2.74	1370	-48	-167	11	-55
2.742	1371	-46	-156	10	-55
2.744	1372	-42	-139	9	-52
2.746	1373	-37	-116	7	-26
2.748	1374	-31	-93	6	-18
2.75	1375	-24	-65	4	-12
2.752	1376	-16	-37	3	-16
2.754	1377	-8	-7	1	-6
2.756	1378	0	22	-1	14
2.758	1379	8	51	-3	25
2.76	1380	17	82	-5	32
2.762	1381	24	104	-6	42
2.764	1382	32	129	-7	54
2.766	1383	38	147	-8	70
2.768	1384	43	162	-9	51
2.77	1385	47	171	-9	56
2.772	1386	49	174	-9	58
2.774	1387	50	174	-9	73
2.776	1388	49	165	-8	65
2.778	1389	47	156	-8	63
2.78	1390	44	139	-6	39
2.782	1391	39	119	-5	57
2.784	1392	33	96	-4	47
2.786	1393	26	68	-2	35
2.788	1394	18	37	0	11
2.79	1395	9	7	1	-7
2.792	1396	1	-22	3	-9
2.794	1397	-7	-51	5	-12
2.796	1398	-16	-82	7	-27
2.798	1399	-24	-107	8	-46
2.8	1400	-31	-129	9	-46
2.802	1401	-37	-147	10	-31
2.804	1402	-42	-162	11	-43
2.806	1403	-46	-171	11	-58
2.808	1404	-48	-174	11	-76
2.81	1405	-49	-174	11	-76
2.812	1406	-48	-168	11	-61
2.814	1407	-46	-156	10	-57
2.816	1408	-42	-139	9	-58
2.818	1409	-37	-119	8	-49
2.82	1410	-31	-93	6	-27
2.822	1411	-23	-65	5	-10
2.824	1412	-15	-34	3	-1
2.826	1413	-7	-4	1	-5
2.828	1414	1	22	0	-1
2.83	1415	10	53	-2	21
2.832	1416	19	84	-4	32
2.834	1417	27	109	-5	45
2.836	1418	34	131	-6	50
2.838	1419	40	149	-7	64
2.84	1420	44	161	-8	59
2.842	1421	48	170	-8	85
2.844	1422	50	173	-8	69
2.846	1423	50	170	-8	73
2.848	1424	49	161	-7	70
2.85	1425	46	150	-7	64
2.852	1426	41	127	-5	51
2.854	1427	36	107	-4	49
2.856	1428	29	82	-3	28
2.858	1429	21	51	-1	33
2.86	1430	13	23	0	21
2.862	1431	4	-9	2	-2
2.864	1432	-4	-38	4	-19
2.866	1433	-13	-66	5	-20
2.868	1434	-21	-94	7	-42
2.87	1435	-29	-119	8	-50
2.872	1436	-36	-140	9	-50
2.874	1437	-41	-152	9	-47
2.876	1438	-45	-164	10	-67
2.878	1439	-48	-170	10	-61
2.88	1440	-49	-170	10	-70
2.882	1441	-48	-164	10	-75
2.884	1442	-46	-153	9	-62
2.886	1443	-42	-136	8	-65
2.888	1444	-37	-116	7	-59
2.89	1445	-31	-93	6	-30
2.892	1446	-23	-62	4	-30
2.894	1447	-15	-34	3	-13
2.896	1448	-6	-1	1	-1
2.898	1449	2	25	0	15
2.9	1450	11	56	-2	21
2.902	1451	20	87	-4	37
2.904	1452	28	112	-5	43
2.906	1453	35	133	-6	64
2.908	1454	41	151	-7	53
2.91	1455	45	160	-7	56
2.912	1456	48	166	-7	80
2.914	1457	50	169	-7	80
2.916	1458	50	163	-6	86
2.918	1459	48	154	-6	79
2.92	1460	44	137	-5	62
2.922	1461	39	117	-4	59
2.924	1462	33	94	-3	50
2.926	1463	26	66	-1	27
2.928	1464	17	35	0	14
2.93	1465	8	2	2	9
2.932	1466	0	-24	3	-6
2.934	1467	-9	-56	5	-15
2.936	1468	-18	-84	6	-26
2.938	1469	-26	-112	8	-47
2.94	1470	-33	-134	9	-62
2.942	1471	-39	-149	9	-28
2.944	1472	-44	-164	10	-62
2.946	1473	-47	-170	10	-76
2.948	1474	-49	-173	10	-83
2.95	1475	-49	-170	10	-78
2.952	1476	-47	-158	9	-75
2.954	1477	-43	-141	8	-48
2.956	1478	-38	-121	7	-66
2.958	1479	-32	-98	6	-48
2.96	1480	-24	-67	4	-16
2.962	1481	-16	-39	3	-23
2.964	1482	-7	-6	1	-2
2.966	1483	1	20	0	2
2.968	1484	10	52	-2	7
2.97	1485	19	83	-4	40
2.972	1486	28	111	-5	57
2.974	1487	35	133	-6	64
2.976	1488	41	151	-7	71
2.978	1489	46	163	-7	60
2.98	1490	49	169	-7	82
2.982	1491	50	169	-7	87
2.984	1492	50	163	-6	84
2.986	1493	47	151	-6	71
2.988	1494	44	137	-5	74
2.99	1495	38	114	-4	58
2.992	1496	32	91	-3	65
2.994	1497	24	60	-1	35
2.996	1498	15	29	0	22
2.998	1499	6	0	1	8
3	1500	-3	-32	3	-1
3.002	1501	-12	-63	5	-24
3.004	1502	-21	-91	6	-38
3.006	1503	-29	-116	7	-59
3.008	1504	-36	-138	8	-74
3.01	1505	-41	-153	9	-33
3.012	1506	-46	-165	9	-56
3.014	1507	-48	-168	9	-82
3.016	1508	-49	-168	9	-83
3.018	1509	-48	-159	8	-75
3.02	1510	-45	-145	7	-86
3.022	1511	-41	-131	7	-55
3.024	1512	-35	-108	6	-76
3.026	1513	-28	-83	5	-67
3.028	1514	-19	-52	4	-10
3.03	1515	-10	-18	2	-11
3.032	1516	-1	11	1	6
3.034	1517	8	43	-1	7
3.036	1518	17	71	-2	23
3.038	1519	25	99	-4	38
3.04	1520	33	124	-5	68
3.042	1521	40	145	-6	62
3.044	1522	45	157	-6	67
3.046	1523	48	163	-6	62
3.048	1524	50	166	-6	102
3.05	1525	50	163	-6	97
3.052	1526	48	151	-5	95
3.054	1527	44	134	-4	79
3.056	1528	39	114	-3	77
3.058	1529	32	88	-2	59
3.06	1530	24	60	-1	57
3.062	1531	15	29	0	11
3.064	1532	6	0	1	10
3.066	1533	-3	-32	3	-4
3.068	1534	-12	-60	4	-5
3.07	1535	-21	-91	6	-39
3.072	1536	-30	-119	7	-45
3.074	1537	-37	-140	8	-78
3.076	1538	-42	-155	9	-66
3.078	1539	-46	-164	9	-37
3.08	1540	-49	-170	9	-105
3.082	1541	-49	-167	9	-87
3.084	1542	-47	-158	9	-96
3.086	1543	-44	-144	8	-78
3.088	1544	-39	-124	7	-71
3.09	1545	-33	-101	6	-53
3.092	1546	-25	-73	5	-81
3.094	1547	-16	-39	3	-23
3.096	1548	-7	-9	2	-3
3.098	1549	2	20	1	5
3.1	1550	12	55	-1	5
3.102	1551	21	83	-2	25
3.104	1552	29	111	-4	34
3.106	1553	36	133	-5	88
3.108	1554	42	148	-5	83
3.11	1555	47	163	-6	62
3.112	1556	49	166	-6	71
3.114	1557	50	166	-6	114
3.116	1558	49	160	-6	112
3.118	1559	46	146	-5	100
3.12	1560	41	129	-5	80
3.122	1561	34	103	-4	54
3.124	1562	27	75	-2	87
3.126	1563	18	44	-1	54
3.128	1564	8	10	0	8
3.13	1565	0	-16	1	-2
3.132	1566	-10	-51	3	-12
3.134	1567	-19	-79	4	-13
3.136	1568	-28	-110	6	-40
3.138	1569	-35	-132	7	-83
3.14	1570	-41	-147	7	-102
3.142	1571	-46	-162	8	-43
3.144	1572	-48	-165	8	-69
3.146	1573	-49	-165	8	-108
3.148	1574	-48	-159	8	-112
3.15	1575	-44	-142	7	-112
3.152	1576	-39	-125	7	-78
3.154	1577	-33	-102	6	-53
3.156	1578	-25	-71	4	-76
3.158	1579	-16	-40	3	-75
3.16	1580	-6	-7	2	-17
3.162	1581	3	22	1	2
3.164	1582	12	54	-1	28
3.166	1583	22	85	-2	19
3.168	1584	30	113	-4	22
3.17	1585	37	132	-4	67
3.172	1586	43	150	-5	114
3.174	1587	47	159	-5	60
3.176	1588	50	165	-5	72
3.178	1589	50	162	-5	106
3.18	1590	48	150	-4	119
3.182	1591	44	136	-4	131
3.184	1592	39	116	-3	102
3.186	1593	32	90	-2	49
3.188	1594	24	62	-1	81
3.19	1595	15	31	0	71
3.192	1596	5	-1	1	19
3.194	1597	-4	-30	2	-8
3.196	1598	-14	-65	4	-33
3.198	1599	-23	-93	5	-41
3.2	1600	-32	-121	6	-17
3.202	1601	-38	-140	7	-81
3.204	1602	-44	-155	7	-118
3.206	1603	-47	-164	8	-64
3.208	1604	-49	-167	8	-86
3.21	1605	-48	-161	8	-99
3.212	1606	-46	-150	7	-120
3.214	1607	-42	-136	7	-133
3.216	1608	-36	-113	6	-107
3.218	1609	-28	-84	5	-40
3.22	1610	-19	-50	3	-71
3.222	1611	-10	-19	2	-63
3.224	1612	0	13	1	-23
3.226	1613	10	45	0	-4
3.228	1614	19	76	-2	48
3.23	1615	28	104	-3	41
3.232	1616	36	129	-4	27
3.234	1617	42	147	-5	76
3.236	1618	47	159	-5	123
3.238	1619	49	162	-5	78
3.24	1620	50	162	-5	124
3.242	1621	48	150	-4	103
3.244	1622	45	139	-4	122
3.246	1623	40	119	-3	157
3.248	1624	33	93	-2	110
3.25	1625	24	62	-1	49
3.252	1626	15	31	0	76
3.254	1627	5	-1	1	32
3.256	1628	-4	-30	2	27
3.258	1629	-14	-62	3	-4
3.26	1630	-24	-96	5	-52
3.262	1631	-32	-121	6	-61
3.264	1632	-39	-140	6	-29
3.266	1633	-44	-155	7	-113
3.268	1634	-48	-164	7	-69
3.27	1635	-49	-164	7	-116
3.272	1636	-48	-158	7	-130
3.274	1637	-45	-147	7	-128
3.276	1638	-41	-130	6	-112
3.278	1639	-34	-104	5	-142
3.28	1640	-26	-76	4	-75
3.282	1641	-17	-45	3	-75
3.284	1642	-7	-11	2	-68
3.286	1643	3	21	1	-8
3.288	1644	13	53	0	-16
3.29	1645	22	84	-2	10
3.292	1646	31	112	-3	57
3.294	1647	38	134	-4	57
3.296	1648	44	149	-4	83
3.298	1649	48	161	-5	128
3.3	1650	50	164	-5	82
3.302	1651	50	161	-5	137
3.304	1652	47	149	-5	159
3.306	1653	43	132	-4	137
3.308	1654	36	106	-3	130
3.31	1655	28	78	-2	134
3.312	1656	19	47	-1	59
3.314	1657	9	13	0	95
3.316	1658	0	-16	1	36
3.318	1659	-10	-48	2	4
3.32	1660	-20	-79	3	-6
3.322	1661	-29	-107	4	-30
3.324	1662	-37	-132	5	-67
3.326	1663	-43	-150	6	-56
3.328	1664	-47	-159	6	-144
3.33	1665	-49	-162	6	-76
3.332	1666	-49	-159	6	-122
3.334	1667	-46	-148	6	-139
3.336	1668	-42	-131	5	-172
3.338	1669	-36	-111	5	-130
3.34	1670	-28	-82	4	-147
3.342	1671	-18	-48	3	-78
3.344	1672	-8	-11	1	-78
3.346	1673	1	18	0	-88
3.348	1674	11	50	-1	-18
3.35	1675	21	81	-2	-1
3.352	1676	30	109	-3	37
3.354	1677	38	134	-4	53
3.356	1678	44	149	-4	64
3.358	1679	48	158	-4	107
3.36	1680	50	161	-4	139
3.362	1681	50	158	-4	107
3.364	1682	47	144	-3	158
3.366	1683	42	127	-3	159
3.368	1684	36	104	-2	159
3.37	1685	28	76	-1	164
3.372	1686	18	42	0	127
3.374	1687	8	8	1	65
3.376	1688	-1	-21	2	84
3.378	1689	-12	-56	3	34
3.38	1690	-22	-87	4	3
3.382	1691	-31	-115	5	-39
3.384	1692	-38	-137	6	-66
3.386	1693	-44	-152	6	-87
3.388	1694	-47	-158	6	-93
3.39	1695	-49	-161	6	-124
3.392	1696	-48	-152	5	-93
3.394	1697	-45	-141	5	-189
3.396	1698	-40	-121	4	-173
3.398	1699	-33	-95	3	-172
3.4	1700	-25	-67	2	-162
3.402	1701	-15	-33	1	-141
3.404	1702	-4	2	0	-93
3.406	1703	5	31	-1	-90
3.408	1704	16	65	-2	-38
3.41	1705	25	90	-2	-10
3.412	1706	34	118	-3	22
3.414	1707	41	140	-4	52
3.416	1708	46	152	-4	94
3.418	1709	49	161	-5	90
3.42	1710	50	161	-5	173
3.422	1711	48	149	-4	107
3.424	1712	45	138	-4	189
3.426	1713	39	115	-3	173
3.428	1714	31	86	-2	201
3.43	1715	22	55	-1	166
3.432	1716	12	21	0	169
3.434	1717	1	-14	1	76
3.436	1718	-8	-40	1	98
3.438	1719	-19	-74	2	36
3.44	1720	-28	-102	3	-3
3.442	1721	-36	-124	3	-26
3.444	1722	-42	-142	4	-76
3.446	1723	-47	-157	5	-83
3.448	1724	-49	-160	5	-97
3.45	1725	-49	-157	5	-162
3.452	1726	-46	-143	4	-100
3.454	1727	-41	-123	3	-205
3.456	1728	-34	-100	3	-178
3.458	1729	-26	-72	2	-212
3.46	1730	-16	-38	1	-182
3.462	1731	-6	-5	0	-173
3.464	1732	4	27	-1	-100
3.466	1733	15	62	-2	-105
3.468	1734	25	93	-3	-43
3.47	1735	34	118	-3	-2
3.472	1736	41	140	-4	29
3.474	1737	46	155	-5	70
3.476	1738	49	161	-5	89
3.478	1739	50	161	-5	95
3.48	1740	48	149	-4	176
3.482	1741	44	132	-3	127
3.484	1742	38	112	-3	210
3.486	1743	30	83	-2	190
3.488	1744	21	52	-1	213
3.49	1745	11	18	0	196
3.492	1746	0	-17	1	191
3.494	1747	-10	-49	2	97
3.496	1748	-20	-77	2	90
3.498	1749	-30	-108	3	12
3.5	1750	-38	-130	3	-8
3.502	1751	-44	-145	3	-46
3.504	1752	-47	-154	4	-98
3.506	1753	-49	-154	3	-109
3.508	1754	-48	-148	3	-118
3.51	1755	-45	-134	2	-170
3.512	1756	-39	-111	1	-119
3.514	1757	-32	-88	1	-222
3.516	1758	-23	-57	0	-214
3.518	1759	-13	-23	-1	-228
3.52	1760	-2	12	-2	-210
3.522	1761	8	44	-3	-203
3.524	1762	19	78	-4	-110
3.526	1763	29	106	-4	-99
3.528	1764	37	131	-5	-53
3.53	1765	43	146	-5	15
3.532	1766	48	158	-5	76
3.534	1767	50	161	-5	96
3.536	1768	49	152	-4	111
3.538	1769	47	141	-3	137
3.54	1770	41	118	-2	170
3.542	1771	34	92	-1	162
3.544	1772	25	61	0	226
3.546	1773	15	27	1	214
3.548	1774	4	-5	1	219
3.55	1775	-6	-37	2	209
3.552	1776	-17	-71	3	179
3.554	1777	-27	-99	3	91
3.556	1778	-35	-124	4	83
3.558	1779	-42	-142	4	-15
3.56	1780	-47	-154	4	-37
3.562	1781	-49	-157	4	-92
3.564	1782	-49	-154	4	-111
3.566	1783	-46	-140	3	-145
3.568	1784	-41	-123	3	-206
3.57	1785	-34	-97	2	-123
3.572	1786	-25	-63	0	-203
3.574	1787	-15	-29	-1	-216
3.576	1788	-4	6	-2	-234
3.578	1789	7	38	-2	-229
3.58	1790	18	72	-3	-227
3.582	1791	28	103	-4	-164
3.584	1792	36	125	-4	-131
3.586	1793	43	144	-4	-100
3.588	1794	48	156	-4	18
3.59	1795	50	156	-3	54
3.592	1796	50	153	-3	127
3.594	1797	47	142	-3	118
3.596	1798	41	119	-2	152
3.598	1799	34	93	-1	216
3.6	1800	25	62	0	171
3.602	1801	15	28	1	215
3.604	1802	4	-7	2	234
3.606	1803	-7	-42	3	234
3.608	1804	-18	-76	4	227
3.61	1805	-28	-104	4	216
3.612	1806	-36	-126	4	93
3.614	1807	-43	-144	4	51
3.616	1808	-47	-150	3	15
3.618	1809	-49	-153	3	-32
3.62	1810	-48	-145	2	-78
3.622	1811	-45	-131	1	-118
3.624	1812	-39	-108	0	-174
3.626	1813	-32	-82	-1	-160
3.628	1814	-22	-48	-2	-205
3.63	1815	-12	-14	-3	-147
3.632	1816	-1	21	-4	-233
3.634	1817	10	53	-4	-233
3.636	1818	21	87	-5	-234
3.638	1819	30	115	-6	-231
3.64	1820	39	140	-6	-195
3.642	1821	45	155	-6	-99
3.644	1822	49	164	-6	-103
3.646	1823	50	161	-5	12
3.648	1824	49	152	-4	62
3.65	1825	45	138	-4	128
3.652	1826	39	115	-3	128
3.654	1827	30	83	-2	160
3.656	1828	21	52	-1	174
3.658	1829	10	15	0	202
3.66	1830	-1	-20	1	211
3.662	1831	-12	-55	2	237
3.664	1832	-23	-89	3	218
3.666	1833	-32	-117	4	236
3.668	1834	-40	-139	4	212
3.67	1835	-45	-151	4	116
3.672	1836	-48	-154	3	11
3.674	1837	-49	-151	2	-40
3.676	1838	-47	-143	2	-98
3.678	1839	-42	-123	1	-63
3.68	1840	-35	-97	0	-131
3.682	1841	-26	-66	-1	-148
3.684	1842	-15	-29	-2	-176
3.686	1843	-4	6	-3	-218
3.688	1844	6	38	-4	-130
3.69	1845	18	73	-4	-234
3.692	1846	28	104	-5	-233
3.694	1847	37	129	-5	-233
3.696	1848	44	148	-5	-230
3.698	1849	48	157	-5	-192
3.7	1850	50	157	-4	-59
3.702	1851	49	151	-4	-105
3.704	1852	46	137	-3	39
3.706	1853	40	114	-2	129
3.708	1854	32	88	-2	108
3.71	1855	22	51	0	153
3.712	1856	11	14	1	138
3.714	1857	0	-21	2	138
3.716	1858	-11	-56	3	209
3.718	1859	-22	-90	4	213
3.72	1860	-32	-118	4	237
3.722	1861	-40	-142	5	203
3.724	1862	-45	-154	5	238
3.726	1863	-48	-160	5	179
3.728	1864	-49	-157	4	83
3.73	1865	-47	-145	3	-12
3.732	1866	-42	-125	2	-70
3.734	1867	-35	-99	1	-57
3.736	1868	-25	-65	0	-94
3.738	1869	-15	-31	-1	-96
3.74	1870	-3	10	-3	-120
3.742	1871	7	42	-4	-209
3.744	1872	19	79	-5	-130
3.746	1873	29	110	-6	-153
3.748	1874	38	135	-6	-233
3.75	1875	44	150	-6	-233
3.752	1876	49	162	-6	-233
3.754	1877	50	159	-5	-232
3.756	1878	49	153	-5	-90
3.758	1879	45	136	-4	-47
3.76	1880	38	107	-2	-58
3.762	1881	30	79	-1	116
3.764	1882	19	39	1	124
3.766	1883	8	6	1	150
3.768	1884	-3	-32	3	139
3.77	1885	-14	-66	4	76
3.772	1886	-25	-100	5	162
3.774	1887	-34	-128	6	168
3.776	1888	-42	-149	6	237
3.778	1889	-47	-164	7	217
3.78	1890	-49	-167	7	220
3.782	1891	-48	-158	6	190
3.784	1892	-45	-144	5	179
3.786	1893	-39	-121	4	20
3.788	1894	-31	-89	2	-19
3.79	1895	-21	-55	1	-77
3.792	1896	-10	-18	0	-63
3.794	1897	1	17	-1	-105
3.796	1898	13	58	-3	-67
3.798	1899	24	92	-4	-158
3.8	1900	0	22	-5	-122
3.802	1901	0	24	-6	-75
3.804	1902	0	23	-6	-217
3.806	1903	0	22	-6	-229
3.808	1904	0	21	-6	-233
3.81	1905	0	20	-6	-233
3.812	1906	0	19	-6	-137
3.814	1907	0	18	-6	-60
3.816	1908	0	14	-5	-60
3.818	1909	0	13	-5	61
3.82	1910	0	12	-5	80
3.822	1911	0	11	-5	103
3.824	1912	0	10	-5	126
3.826	1913	0	7	-4	77
3.828	1914	0	7	-4	73
3.83	1915	0	7	-4	155
3.832	1916	0	7	-4	148
3.834	1917	0	7	-4	231
3.836	1918	0	7	-4	211
3.838	1919	0	10	-5	210
3.84	1920	0	9	-5	214
3.842	1921	0	9	-5	171
3.844	1922	0	9	-5	74
3.846	1923	0	9	-5	-24
3.848	1924	0	12	-6	-1
3.85	1925	0	11	-6	-41
3.852	1926	0	11	-6	-9
3.854	1927	0	8	-5	-73
3.856	1928	0	8	-5	-76
3.858	1929	0	8	-5	-98
3.86	1930	0	5	-4	-86
3.862	1931	0	5	-4	-117
3.864	1932	0	5	-4	-219
3.866	1933	0	2	-3	-214
3.868	1934	0	2	-3	-209
3.87	1935	0	0	-2	-149
3.872	1936	0	0	-2	-106
3.874	1937	0	-2	-1	-45
3.876	1938	0	-1	-1	-32
3.878	1939	0	-3	0	44
3.88	1940	0	-2	0	60
3.882	1941	0	-4	1	75
3.884	1942	0	-6	2	62
3.886	1943	0	-5	2	62
3.888	1944	0	-4	2	103
3.89	1945	0	-3	2	135
3.892	1946	0	-3	2	139
3.894	1947	0	0	1	179
3.896	1948	0	0	1	206
3.898	1949	0	0	1	205
3.9	1950	0	0	1	160
3.902	1951	0	2	0	79
3.904	1952	0	1	0	-4
3.906	1953	0	0	0	-4
3.908	1954	0	2	-1	-54
3.91	1955	0	1	-1	-60
3.912	1956	0	1	-1	-88
3.914	1957	0	-1	0	-81
3.916	1958	0	-3	1	-53
3.918	1959	0	-2	1	-118
3.92	1960	0	-1	1	-90
3.922	1961	0	-4	2	-159
3.924	1962	0	-3	2	-181
3.926	1963	0	-3	2	-188
3.928	1964	0	-3	2	-133
3.93	1965	0	-3	2	-131
3.932	1966	0	-6	3	-36
3.934	1967	0	-5	3	13
3.936	1968	0	-5	3	24
3.938	1969	0	-5	3	95
3.94	1970	0	-5	3	61
3.942	1971	0	-2	2	56
3.944	1972	0	-2	2	80
3.946	1973	0	-2	2	77
3.948	1974	0	-2	2	101
3.95	1975	0	-2	2	124
3.952	1976	0	-2	2	164
3.954	1977	0	0	1	179
3.956	1978	0	0	1	169
3.958	1979	0	0	1	103
3.96	1980	0	2	0	55
3.962	1981	0	1	0	-13
3.964	1982	0	0	0	-21
3.966	1983	0	2	-1	-76
3.968	1984	0	1	-1	-64
3.97	1985	0	1	-1	-80
3.972	1986	0	1	-1	-50
3.974	1987	0	1	-1	-52
3.976	1988	0	1	-1	-111
3.978	1989	0	1	-1	-61
3.98	1990	0	1	-1	-116
3.982	1991	0	1	-1	-137
3.984	1992	0	1	-1	-141
3.986	1993	0	-1	0	-110
3.988	1994	0	0	0	-93
3.99	1995	0	0	0	1
3.992	1996	0	0	0	41
3.994	1997	0	0	0	25
3.996	1998	0	0	0	92
3.998	1999	0	0	0	64
