#SLFR RTP OL_Test
#t	n	u	v	$\theta$	a
0	0	0	0	0	1
0.002	1	0	0	0	1
0.004	2	0	0	0	1
0.006	3	0	0	0	1
0.008	4	0	0	0	1
0.01	5	0	0	0	1
0.012	6	0	0	0	1
0.014	7	0	0	0	1
0.016	8	0	0	0	1
0.018	9	0	0	0	1
0.02	10	0	0	0	1
0.022	11	0	0	0	1
0.024	12	0	0	0	1
0.026	13	1	2	0	1
0.028	14	1	1	0	2
0.03	15	1	1	0	1
0.032	16	1	1	0	2
0.034	17	1	1	0	2
0.036	18	1	1	0	2
0.038	19	1	1	0	2
0.04	20	1	1	0	1
0.042	21	1	1	0	1
0.044	22	2	4	0	1
0.046	23	2	3	0	1
0.048	24	2	3	0	1
0.05	25	2	3	0	1
0.052	26	2	3	0	1
0.054	27	2	3	0	1
0.056	28	2	3	0	1
0.058	29	3	6	0	1
0.06	30	3	5	0	1
0.062	31	3	5	0	1
0.064	32	3	5	0	1
0.066	33	3	5	0	1
0.068	34	4	8	0	1
0.07	35	4	7	0	1
0.072	36	4	7	0	1
0.074	37	4	7	0	1
0.076	38	5	10	0	2
0.078	39	5	9	0	2
0.08	40	5	9	0	2
0.082	41	5	9	0	1
0.084	42	6	12	0	1
0.086	43	6	11	0	1
0.088	44	6	11	0	1
0.09	45	6	11	0	1
0.092	46	7	14	0	1
0.094	47	7	13	0	1
0.096	48	7	13	0	1
0.098	49	8	16	0	1
0.1	50	8	15	0	0
0.102	51	8	12	1	-2
0.104	52	8	12	1	2
0.106	53	9	15	1	4
0.108	54	9	15	1	3
0.11	55	9	15	1	4
0.112	56	10	18	1	2
0.114	57	10	15	2	1
0.116	58	10	15	2	3
0.118	59	11	18	2	0
0.12	60	11	17	2	-1
0.122	61	12	20	2	-1
0.124	62	12	17	3	0
0.126	63	12	17	3	0
0.128	64	13	20	3	1
0.13	65	13	19	3	-3
0.132	66	14	19	4	-1
0.134	67	14	19	4	-3
0.136	68	14	19	4	-4
0.138	69	15	21	4	-4
0.14	70	15	18	5	-5
0.142	71	16	21	5	-5
0.144	72	16	21	5	-3
0.146	73	16	21	5	-2
0.148	74	17	21	6	-4
0.15	75	17	21	6	-3
0.152	76	18	23	6	-3
0.154	77	18	23	6	-5
0.156	78	19	23	7	-4
0.158	79	19	23	7	-5
0.16	80	20	25	7	-4
0.162	81	20	22	8	-2
0.164	82	21	25	8	-3
0.166	83	21	25	8	-2
0.168	84	21	22	9	-3
0.17	85	22	25	9	-3
0.172	86	22	25	9	-3
0.174	87	23	25	10	-3
0.176	88	23	25	10	-5
0.178	89	24	27	10	-4
0.18	90	24	24	11	-5
0.182	91	25	27	11	-5
0.184	92	25	27	11	-4
0.186	93	26	27	12	-7
0.188	94	26	27	12	-6
0.19	95	27	29	12	-5
0.192	96	27	26	13	-8
0.194	97	28	29	13	-6
0.196	98	28	29	13	-7
0.198	99	29	29	14	-9
0.2	100	29	29	14	-6
0.202	101	30	31	14	-5
0.204	102	30	28	15	-8
0.206	103	31	31	15	-6
0.208	104	31	28	16	-7
0.21	105	32	31	16	-6
0.212	106	32	31	16	-5
0.214	107	33	31	17	-7
0.216	108	33	31	17	-5
0.218	109	34	31	18	-5
0.22	110	34	31	18	-5
0.222	111	35	33	18	-5
0.224	112	35	30	19	-5
0.226	113	36	33	19	-5
0.228	114	36	30	20	-7
0.23	115	37	33	20	-3
0.232	116	37	30	21	-7
0.234	117	38	33	21	-7
0.236	118	38	33	21	-7
0.238	119	39	33	22	-8
0.24	120	39	33	22	-6
0.242	121	40	33	23	-7
0.244	122	40	33	23	-8
0.246	123	41	33	24	-9
0.248	124	41	33	24	-7
0.25	125	42	35	24	-9
0.252	126	42	32	25	-7
0.254	127	42	32	25	-8
0.256	128	43	32	26	-7
0.258	129	43	32	26	-6
0.26	130	44	32	27	-5
0.262	131	44	32	27	-7
0.264	132	44	29	28	-4
0.266	133	45	32	28	-6
0.268	134	45	29	29	-5
0.27	135	46	32	29	-4
0.272	136	46	29	30	-5
0.274	137	46	29	30	-4
0.276	138	47	29	31	-4
0.278	139	47	29	31	-4
0.28	140	47	26	32	-3
0.282	141	47	26	32	-2
0.284	142	48	26	33	-5
0.286	143	48	26	33	-3
0.288	144	48	26	33	-6
0.29	145	48	23	34	-3
0.292	146	49	26	34	-7
0.294	147	49	23	35	-2
0.296	148	49	23	35	-6
0.298	149	49	20	36	-1
0.3	150	49	20	36	-7
0.302	151	50	20	37	-2
0.304	152	50	20	37	-6
0.306	153	50	17	38	-1
0.308	154	50	17	38	-7
0.31	155	50	17	38	0
0.312	156	50	14	39	-5
0.314	157	50	14	39	0
0.316	158	50	11	40	-3
0.318	159	50	11	40	1
0.32	160	50	11	40	-3
0.322	161	50	8	41	2
0.324	162	50	8	41	-3
0.326	163	50	8	41	2
0.328	164	50	5	42	0
0.33	165	50	5	42	2
0.332	166	49	2	42	2
0.334	167	49	0	43	3
0.336	168	49	0	43	2
0.338	169	49	0	43	5
0.34	170	48	-5	44	0
0.342	171	48	-4	44	6
0.344	172	48	-3	44	1
0.346	173	48	-2	44	6
0.348	174	47	-7	45	14
0.35	175	47	-6	45	3
0.352	176	46	-8	45	4
0.354	177	46	-7	45	1
0.356	178	46	-6	45	1
0.358	179	45	-8	45	2
0.36	180	45	-7	45	5
0.362	181	44	-12	46	0
0.364	182	44	-11	46	7
0.366	183	43	-13	46	10
0.368	184	42	-15	46	6
0.37	185	42	-14	46	9
0.372	186	41	-16	46	7
0.374	187	40	-18	46	5
0.376	188	40	-17	46	10
0.378	189	39	-19	46	11
0.38	190	38	-21	46	10
0.382	191	38	-20	46	15
0.384	192	37	-22	46	18
0.386	193	36	-24	46	16
0.388	194	35	-26	46	19
0.39	195	34	-28	46	16
0.392	196	33	-30	46	16
0.394	197	32	-32	46	18
0.396	198	31	-34	46	15
0.398	199	30	-36	46	16
0.4	200	29	-38	46	18
0.402	201	28	-40	46	19
0.404	202	27	-42	46	19
0.406	203	26	-44	46	20
0.408	204	25	-43	45	15
0.41	205	24	-45	45	16
0.412	206	23	-47	45	16
0.414	207	22	-49	45	14
0.416	208	20	-54	45	14
0.418	209	19	-53	44	15
0.42	210	18	-55	44	15
0.422	211	17	-57	44	20
0.424	212	16	-56	43	20
0.426	213	14	-61	43	19
0.428	214	13	-63	43	19
0.43	215	12	-62	42	19
0.432	216	10	-67	42	19
0.434	217	9	-69	42	20
0.436	218	8	-68	41	21
0.438	219	6	-73	41	24
0.44	220	5	-72	40	27
0.442	221	4	-74	40	27
0.444	222	2	-76	39	27
0.446	223	1	-75	38	27
0.448	224	0	-77	38	25
0.45	225	-1	-76	37	28
0.452	226	-2	-75	36	26
0.454	227	-4	-80	36	25
0.456	228	-5	-79	35	26
0.458	229	-7	-81	34	25
0.46	230	-8	-80	33	27
0.462	231	-10	-85	33	27
0.464	232	-11	-84	32	26
0.466	233	-12	-83	31	27
0.468	234	-14	-86	30	25
0.47	235	-15	-85	29	27
0.472	236	-17	-88	28	21
0.474	237	-18	-90	28	24
0.476	238	-19	-89	27	25
0.478	239	-21	-92	26	29
0.48	240	-22	-91	25	27
0.482	241	-23	-91	24	30
0.484	242	-25	-94	23	28
0.486	243	-26	-93	22	28
0.488	244	-27	-93	21	29
0.49	245	-29	-96	20	28
0.492	246	-30	-95	19	28
0.494	247	-31	-95	18	30
0.496	248	-32	-92	16	29
0.498	249	-33	-92	15	30
0.5	250	-34	-92	14	31
0.502	251	-36	-95	13	32
0.504	252	-37	-95	12	28
0.506	253	-38	-95	11	32
0.508	254	-39	-95	10	31
0.51	255	-40	-92	8	29
0.512	256	-40	-89	7	30
0.514	257	-41	-89	6	27
0.516	258	-42	-89	5	28
0.518	259	-43	-89	4	29
0.52	260	-44	-86	2	27
0.522	261	-44	-83	1	26
0.524	262	-45	-83	0	25
0.526	263	-46	-83	-1	26
0.528	264	-46	-80	-2	23
0.53	265	-47	-80	-3	25
0.532	266	-47	-74	-5	22
0.534	267	-48	-74	-6	23
0.536	268	-48	-71	-7	28
0.538	269	-48	-68	-8	26
0.54	270	-49	-68	-9	28
0.542	271	-49	-65	-10	22
0.544	272	-49	-62	-11	23
0.546	273	-49	-59	-12	22
0.548	274	-49	-56	-13	23
0.55	275	-49	-53	-14	22
0.552	276	-49	-50	-15	22
0.554	277	-49	-47	-16	20
0.556	278	-48	-41	-17	22
0.558	279	-48	-38	-18	19
0.56	280	-48	-35	-19	20
0.562	281	-47	-29	-20	16
0.564	282	-47	-26	-21	15
0.566	283	-46	-23	-21	15
0.568	284	-46	-21	-22	11
0.57	285	-45	-16	-23	12
0.572	286	-44	-14	-23	10
0.574	287	-44	-12	-24	7
0.576	288	-43	-7	-25	8
0.578	289	-42	-5	-25	6
0.58	290	-41	0	-26	4
0.582	291	-40	1	-26	3
0.584	292	-39	2	-26	0
0.586	293	-38	6	-27	-1
0.588	294	-37	7	-27	-3
0.59	295	-35	11	-27	-3
0.592	296	-34	15	-28	-4
0.594	297	-33	16	-28	-4
0.596	298	-31	23	-29	-3
0.598	299	-30	24	-29	-5
0.6	300	-28	28	-29	-12
0.602	301	-27	29	-29	-30
0.604	302	-25	33	-29	-11
0.606	303	-23	37	-29	-17
0.608	304	-22	38	-29	-9
0.61	305	-20	43	-29	-13
0.612	306	-18	47	-29	-17
0.614	307	-17	48	-29	-17
0.616	308	-15	52	-29	-14
0.618	309	-13	54	-28	-27
0.62	310	-11	58	-28	-30
0.622	311	-9	62	-28	-30
0.624	312	-7	66	-28	-31
0.626	313	-5	70	-28	-31
0.628	314	-3	74	-28	-28
0.63	315	-1	78	-28	-38
0.632	316	0	77	-27	-31
0.634	317	2	82	-27	-36
0.636	318	4	86	-27	-40
0.638	319	6	87	-26	-46
0.64	320	8	91	-26	-50
0.642	321	10	95	-26	-51
0.644	322	12	97	-25	-45
0.646	323	14	101	-25	-47
0.648	324	16	103	-24	-49
0.65	325	17	104	-24	-47
0.652	326	19	109	-24	-47
0.654	327	21	110	-23	-46
0.656	328	23	115	-23	-52
0.658	329	25	116	-22	-56
0.66	330	27	121	-22	-59
0.662	331	28	120	-21	-54
0.664	332	30	122	-20	-54
0.666	333	32	126	-20	-54
0.668	334	33	125	-19	-55
0.67	335	35	130	-19	-57
0.672	336	36	129	-18	-53
0.674	337	38	131	-17	-54
0.676	338	39	133	-17	-58
0.678	339	40	132	-16	-61
0.68	340	42	134	-15	-62
0.682	341	43	133	-14	-65
0.684	342	44	132	-13	-64
0.686	343	45	134	-13	-65
0.688	344	46	133	-12	-64
0.69	345	47	132	-11	-63
0.692	346	47	128	-10	-62
0.694	347	48	127	-9	-63
0.696	348	49	126	-8	-67
0.698	349	49	122	-7	-69
0.7	350	49	121	-7	-67
0.702	351	50	120	-6	-67
0.704	352	50	116	-5	-67
0.706	353	50	112	-4	-69
0.708	354	50	108	-3	-68
0.71	355	50	107	-3	-65
0.712	356	50	103	-2	-59
0.714	357	49	96	-1	-61
0.716	358	49	93	0	-63
0.718	359	48	90	0	-65
0.72	360	48	87	1	-64
0.722	361	47	84	1	-61
0.724	362	46	78	2	-60
0.726	363	45	75	2	-61
0.728	364	44	69	3	-57
0.73	365	43	66	3	-57
0.732	366	42	63	3	-49
0.734	367	41	57	4	-50
0.736	368	40	54	4	-50
0.738	369	38	48	4	-50
0.74	370	37	45	4	-45
0.742	371	35	39	4	-44
0.744	372	33	33	4	-42
0.746	373	31	27	4	-41
0.748	374	30	25	4	-36
0.75	375	28	20	4	-33
0.752	376	26	15	4	-29
0.754	377	24	10	4	-27
0.756	378	21	2	4	-23
0.758	379	19	-2	4	-22
0.76	380	17	-6	4	-17
0.762	381	15	-7	3	-16
0.764	382	12	-14	3	-16
0.766	383	10	-18	3	-13
0.768	384	8	-19	2	-9
0.77	385	5	-26	2	-5
0.772	386	3	-30	2	-4
0.774	387	0	-34	1	-5
0.776	388	-1	-35	1	-4
0.778	389	-3	-36	0	-1
0.78	390	-6	-43	0	0
0.782	391	-8	-44	-1	1
0.784	392	-11	-51	-1	0
0.786	393	-13	-55	-1	4
0.788	394	-15	-56	-2	4
0.79	395	-18	-63	-2	-2
0.792	396	-20	-64	-3	34
0.794	397	-22	-68	-3	29
0.796	398	-24	-69	-4	14
0.798	399	-27	-73	-5	20
0.8	400	-29	-77	-5	15
0.802	401	-31	-78	-6	17
0.804	402	-32	-76	-7	26
0.806	403	-34	-80	-7	27
0.808	404	-36	-81	-8	26
0.81	405	-38	-82	-9	48
0.812	406	-39	-83	-9	43
0.814	407	-41	-85	-10	44
0.816	408	-42	-84	-11	48
0.818	409	-43	-86	-11	50
0.82	410	-44	-85	-12	50
0.822	411	-45	-87	-12	51
0.824	412	-46	-86	-13	49
0.826	413	-47	-88	-13	53
0.828	414	-48	-90	-13	63
0.83	415	-48	-89	-13	66
0.832	416	-49	-88	-14	67
0.834	417	-49	-87	-14	69
0.836	418	-49	-86	-14	80
0.838	419	-49	-85	-14	80
0.84	420	-49	-81	-15	77
0.842	421	-48	-77	-15	81
0.844	422	-48	-76	-15	71
0.846	423	-47	-72	-15	64
0.848	424	-47	-71	-15	67
0.85	425	-46	-67	-15	66
0.852	426	-45	-63	-15	67
0.854	427	-44	-59	-15	74
0.856	428	-42	-52	-15	78
0.858	429	-41	-49	-15	79
0.86	430	-39	-46	-14	82
0.862	431	-38	-43	-14	80
0.864	432	-36	-37	-14	79
0.866	433	-34	-31	-14	78
0.868	434	-32	-28	-13	77
0.87	435	-30	-22	-13	74
0.872	436	-28	-19	-12	73
0.874	437	-26	-13	-12	78
0.876	438	-23	-7	-11	78
0.878	439	-21	-1	-11	83
0.88	440	-18	4	-10	85
0.882	441	-16	6	-9	85
0.884	442	-13	11	-8	84
0.886	443	-10	16	-7	80
0.888	444	-8	18	-6	76
0.89	445	-5	23	-5	73
0.892	446	-2	28	-4	70
0.894	447	0	27	-2	69
0.896	448	3	32	-1	68
0.898	449	5	31	1	68
0.9	450	8	36	2	65
0.902	451	11	38	4	68
0.904	452	14	43	5	63
0.906	453	16	42	7	54
0.908	454	19	44	9	49
0.91	455	22	46	11	36
0.912	456	24	45	13	38
0.914	457	27	50	14	27
0.916	458	29	49	16	23
0.918	459	31	48	18	24
0.92	460	34	47	21	25
0.922	461	36	46	23	20
0.924	462	38	45	25	13
0.926	463	39	41	27	11
0.928	464	41	40	29	3
0.93	465	43	39	31	4
0.932	466	44	35	33	-5
0.934	467	46	34	35	-6
0.936	468	47	30	37	-3
0.938	469	48	26	39	1
0.94	470	48	22	40	5
0.942	471	49	18	42	-4
0.944	472	50	14	44	-6
0.946	473	50	10	45	-8
0.948	474	50	7	46	-8
0.95	475	50	1	48	-15
0.952	476	50	-1	49	-13
0.954	477	49	-6	50	-12
0.956	478	49	-8	51	-40
0.958	479	48	-13	52	-19
0.96	480	47	-15	52	-22
0.962	481	46	-20	53	-23
0.964	482	45	-25	54	-24
0.966	483	43	-30	54	-30
0.968	484	42	-32	54	-43
0.97	485	40	-37	54	-36
0.972	486	38	-42	54	-46
0.974	487	36	-44	53	-56
0.976	488	34	-49	53	-47
0.978	489	31	-57	53	-52
0.98	490	29	-59	52	-45
0.982	491	26	-67	52	-43
0.984	492	24	-69	51	-51
0.986	493	21	-74	50	-46
0.988	494	18	-79	49	-40
0.99	495	15	-84	48	-49
0.992	496	12	-86	46	-46
0.994	497	9	-91	45	-54
0.996	498	6	-93	43	-39
0.998	499	3	-98	42	-38
1	500	0	-100	40	-33
1.002	501	-3	-102	38	-37
1.004	502	-6	-104	36	-28
1.006	503	-9	-106	34	-27
1.008	504	-12	-108	32	-20
1.01	505	-15	-107	29	-24
1.012	506	-18	-109	27	-36
1.014	507	-21	-108	24	-25
1.016	508	-24	-110	22	-19
1.018	509	-26	-106	19	-18
1.02	510	-29	-105	16	-19
1.022	511	-31	-104	14	-12
1.024	512	-34	-103	11	-18
1.026	513	-36	-99	8	-23
1.028	514	-38	-95	5	-12
1.03	515	-40	-91	2	-20
1.032	516	-42	-87	-1	-25
1.034	517	-43	-83	-3	-8
1.036	518	-45	-79	-6	-18
1.038	519	-46	-72	-9	-9
1.04	520	-47	-66	-12	3
1.042	521	-48	-63	-14	0
1.044	522	-48	-54	-17	7
1.046	523	-49	-51	-19	17
1.048	524	-49	-42	-22	9
1.05	525	-49	-36	-24	13
1.052	526	-49	-30	-26	10
1.054	527	-48	-21	-28	20
1.056	528	-47	-12	-30	35
1.058	529	-47	-6	-32	41
1.06	530	-45	5	-34	27
1.062	531	-44	12	-36	35
1.064	532	-43	16	-37	33
1.066	533	-41	26	-39	30
1.068	534	-39	33	-40	29
1.07	535	-37	40	-41	21
1.072	536	-34	50	-42	25
1.074	537	-32	54	-42	37
1.076	538	-29	64	-43	36
1.078	539	-27	68	-43	26
1.08	540	-24	78	-44	27
1.082	541	-21	85	-44	25
1.084	542	-18	92	-44	22
1.086	543	-14	102	-44	20
1.088	544	-11	106	-43	7
1.09	545	-8	113	-43	8
1.092	546	-4	120	-42	19
1.094	547	-1	124	-41	14
1.096	548	1	125	-40	17
1.098	549	5	129	-38	13
1.1	550	8	133	-37	8
1.102	551	12	140	-36	12
1.104	552	15	141	-34	12
1.106	553	18	142	-32	3
1.108	554	21	146	-31	1
1.11	555	25	150	-29	6
1.112	556	28	148	-26	-16
1.114	557	30	146	-24	7
1.116	558	33	147	-22	-6
1.118	559	36	148	-20	-4
1.12	560	38	143	-17	-2
1.122	561	40	141	-15	-8
1.124	562	42	136	-12	-17
1.126	563	44	134	-10	-10
1.128	564	46	129	-7	-29
1.13	565	47	125	-5	-29
1.132	566	48	118	-2	-25
1.134	567	49	111	1	-35
1.136	568	50	107	3	-36
1.138	569	50	100	5	-35
1.14	570	50	90	8	-44
1.142	571	50	83	10	-49
1.144	572	49	73	12	-45
1.146	573	49	67	14	-61
1.148	574	48	58	16	-63
1.15	575	47	49	18	-61
1.152	576	45	40	19	-66
1.154	577	44	31	21	-64
1.156	578	42	22	22	-60
1.158	579	40	10	24	-74
1.16	580	37	-1	25	-65
1.162	581	35	-6	25	-67
1.164	582	32	-16	26	-70
1.166	583	29	-26	27	-71
1.168	584	26	-33	27	-75
1.17	585	23	-40	27	-77
1.172	586	20	-47	27	-66
1.174	587	16	-57	27	-66
1.176	588	13	-64	27	-67
1.178	589	9	-71	26	-63
1.18	590	5	-78	25	-61
1.182	591	2	-82	24	-62
1.184	592	-1	-86	23	-51
1.186	593	-5	-93	22	-61
1.188	594	-8	-97	21	-53
1.19	595	-12	-101	19	-52
1.192	596	-16	-105	17	-45
1.194	597	-19	-109	16	-40
1.196	598	-22	-110	14	-33
1.198	599	-26	-114	12	-33
1.2	600	-29	-112	9	-20
1.202	601	-32	-113	7	-22
1.204	602	-35	-114	5	-18
1.206	603	-37	-109	2	-20
1.208	604	-39	-107	0	-16
1.21	605	-42	-105	-3	-10
1.212	606	-43	-97	-6	-4
1.214	607	-45	-96	-8	-5
1.216	608	-46	-89	-11	9
1.218	609	-47	-85	-13	6
1.22	610	-48	-78	-16	10
1.222	611	-49	-74	-18	13
1.224	612	-49	-67	-20	13
1.226	613	-49	-57	-23	7
1.228	614	-49	-50	-25	17
1.23	615	-48	-37	-28	50
1.232	616	-47	-28	-30	25
1.234	617	-46	-19	-32	34
1.236	618	-44	-7	-34	28
1.238	619	-42	1	-35	31
1.24	620	-40	12	-37	39
1.242	621	-38	20	-38	42
1.244	622	-35	31	-39	35
1.246	623	-32	42	-40	50
1.248	624	-29	52	-41	62
1.25	625	-26	62	-42	55
1.252	626	-23	69	-42	64
1.254	627	-19	79	-42	62
1.256	628	-16	86	-42	62
1.258	629	-12	96	-42	73
1.26	630	-8	103	-41	67
1.262	631	-4	113	-41	63
1.264	632	0	120	-40	73
1.266	633	3	121	-38	72
1.268	634	7	128	-37	76
1.27	635	11	132	-35	72
1.272	636	15	136	-33	69
1.274	637	18	140	-32	62
1.276	638	22	141	-29	71
1.278	639	26	145	-27	59
1.28	640	29	143	-24	45
1.282	641	32	144	-22	46
1.284	642	35	142	-19	42
1.286	643	38	140	-16	44
1.288	644	40	135	-13	43
1.29	645	43	133	-10	29
1.292	646	45	128	-7	21
1.294	647	46	118	-3	16
1.296	648	48	114	0	14
1.298	649	49	107	3	5
1.3	650	49	94	7	-2
1.302	651	50	87	10	-8
1.304	652	50	74	14	-7
1.306	653	50	64	17	1
1.308	654	49	52	20	-5
1.31	655	48	37	24	-5
1.312	656	47	25	27	-19
1.314	657	45	10	30	-10
1.316	658	44	1	32	-13
1.318	659	41	-15	35	-17
1.32	660	39	-25	37	-25
1.322	661	36	-38	39	-18
1.324	662	33	-51	41	-17
1.326	663	30	-61	42	-13
1.328	664	26	-77	44	-47
1.33	665	23	-87	45	-28
1.332	666	19	-100	46	-28
1.334	667	15	-113	47	-23
1.336	668	11	-122	47	-31
1.338	669	7	-134	48	-35
1.34	670	3	-143	48	-46
1.342	671	0	-149	48	-26
1.344	672	-5	-158	47	-36
1.346	673	-9	-164	46	-47
1.348	674	-13	-170	45	-46
1.35	675	-17	-176	44	-43
1.352	676	-21	-179	42	-37
1.354	677	-25	-182	40	-28
1.356	678	-28	-185	39	-39
1.358	679	-32	-185	36	-31
1.36	680	-35	-185	34	-24
1.362	681	-38	-186	32	-16
1.364	682	-40	-181	29	-15
1.366	683	-42	-176	26	-23
1.368	684	-44	-171	23	11
1.37	685	-46	-166	20	10
1.372	686	-47	-158	17	17
1.374	687	-48	-150	14	12
1.376	688	-49	-142	11	15
1.378	689	-49	-129	7	17
1.38	690	-49	-119	4	47
1.382	691	-48	-106	1	33
1.384	692	-47	-93	-2	28
1.386	693	-46	-80	-5	48
1.388	694	-44	-65	-8	40
1.39	695	-42	-50	-11	62
1.392	696	-40	-35	-14	53
1.394	697	-37	-17	-17	41
1.396	698	-34	-2	-19	45
1.398	699	-31	11	-21	62
1.4	700	-28	24	-23	54
1.402	701	-24	40	-25	57
1.404	702	-20	53	-26	57
1.406	703	-16	66	-27	51
1.408	704	-12	79	-28	65
1.41	705	-8	92	-29	74
1.412	706	-3	104	-29	53
1.414	707	0	110	-29	64
1.416	708	5	122	-29	64
1.418	709	9	128	-28	70
1.42	710	14	137	-27	69
1.422	711	18	143	-26	68
1.424	712	22	149	-25	63
1.426	713	26	155	-24	71
1.428	714	30	158	-22	74
1.43	715	33	158	-20	60
1.432	716	36	158	-18	57
1.434	717	39	155	-15	51
1.436	718	42	156	-13	44
1.438	719	44	151	-10	43
1.44	720	46	146	-7	32
1.442	721	48	141	-4	20
1.444	722	49	133	-1	18
1.446	723	50	125	2	12
1.448	724	50	114	5	2
1.45	725	50	104	8	-2
1.452	726	49	91	11	-11
1.454	727	49	78	15	-29
1.456	728	47	62	18	-19
1.458	729	46	49	21	-30
1.46	730	44	37	23	-37
1.462	731	41	19	26	-38
1.464	732	38	1	29	-39
1.466	733	35	-13	31	-34
1.468	734	32	-30	34	-35
1.47	735	28	-46	36	-67
1.472	736	24	-62	38	-45
1.474	737	20	-75	39	-41
1.476	738	16	-88	40	-31
1.478	739	11	-104	41	-41
1.48	740	7	-117	42	-40
1.482	741	2	-132	43	-52
1.484	742	-2	-141	43	-32
1.486	743	-6	-150	43	-39
1.488	744	-11	-159	42	-55
1.49	745	-15	-165	41	-60
1.492	746	-20	-174	40	-52
1.494	747	-24	-180	39	-55
1.496	748	-28	-183	37	-48
1.498	749	-32	-186	35	-64
1.5	750	-35	-186	33	-63
1.502	751	-38	-183	30	-54
1.504	752	-41	-184	28	-56
1.506	753	-43	-179	25	-58
1.508	754	-45	-174	22	-60
1.51	755	-47	-166	18	-55
1.512	756	-48	-158	15	-51
1.514	757	-49	-150	12	-29
1.516	758	-49	-136	8	-37
1.518	759	-49	-126	5	-25
1.52	760	-48	-110	1	-7
1.522	761	-47	-94	-3	-5
1.524	762	-46	-81	-6	8
1.526	763	-44	-63	-10	10
1.528	764	-41	-45	-13	7
1.53	765	-38	-24	-17	37
1.532	766	-35	-6	-20	43
1.534	767	-32	10	-23	46
1.536	768	-28	29	-26	49
1.538	769	-24	45	-28	50
1.54	770	-20	61	-30	59
1.542	771	-15	83	-33	65
1.544	772	-11	96	-34	53
1.546	773	-6	114	-36	53
1.548	774	-1	129	-37	50
1.55	775	3	141	-38	49
1.552	776	8	156	-39	62
1.554	777	13	168	-39	47
1.556	778	17	177	-39	34
1.558	779	22	189	-39	33
1.56	780	26	195	-38	34
1.562	781	30	200	-37	25
1.564	782	34	200	-36	25
1.566	783	37	200	-34	16
1.568	784	40	200	-32	16
1.57	785	43	200	-30	31
1.572	786	45	194	-27	20
1.574	787	47	191	-25	17
1.576	788	49	186	-22	12
1.578	789	50	178	-19	15
1.58	790	50	167	-16	7
1.582	791	50	156	-13	11
1.584	792	49	142	-10	-5
1.586	793	48	129	-7	1
1.588	794	47	113	-3	-23
1.59	795	45	97	0	-3
1.592	796	42	78	3	-6
1.594	797	39	60	6	-7
1.596	798	36	42	9	-14
1.598	799	33	24	12	-21
1.6	800	29	6	14	-32
1.602	801	24	-16	17	-31
1.604	802	20	-32	19	-58
1.606	803	15	-51	21	-50
1.608	804	10	-70	23	-55
1.61	805	5	-86	24	-62
1.612	806	0	-104	26	-67
1.614	807	-4	-113	26	-64
1.616	808	-9	-128	27	-71
1.618	809	-14	-140	27	-72
1.62	810	-19	-152	27	-73
1.622	811	-23	-158	26	-91
1.624	812	-28	-167	25	-88
1.626	813	-32	-173	24	-90
1.628	814	-35	-176	23	-84
1.63	815	-39	-179	21	-75
1.632	816	-42	-182	20	-74
1.634	817	-44	-179	18	-70
1.636	818	-46	-173	15	-56
1.638	819	-48	-170	13	-45
1.64	820	-48	-159	10	-41
1.642	821	-49	-151	7	-42
1.644	822	-49	-140	4	-28
1.646	823	-48	-126	1	-21
1.648	824	-47	-112	-2	-2
1.65	825	-46	-96	-6	5
1.652	826	-43	-77	-9	17
1.654	827	-41	-61	-12	28
1.656	828	-38	-42	-15	34
1.658	829	-34	-18	-19	44
1.66	830	-30	2	-22	40
1.662	831	-26	19	-24	42
1.664	832	-22	38	-27	34
1.666	833	-17	57	-29	43
1.668	834	-12	79	-32	43
1.67	835	-7	95	-33	38
1.672	836	-1	117	-35	42
1.674	837	3	129	-36	46
1.676	838	8	144	-37	38
1.678	839	13	159	-38	37
1.68	840	18	171	-38	52
1.682	841	23	183	-38	25
1.684	842	28	195	-38	31
1.686	843	32	200	-37	26
1.688	844	36	200	-36	21
1.69	845	39	200	-35	32
1.692	846	42	200	-33	38
1.694	847	45	200	-31	33
1.696	848	47	197	-29	43
1.698	849	49	192	-26	40
1.7	850	50	187	-24	36
1.702	851	50	176	-21	40
1.704	852	50	165	-18	38
1.706	853	49	151	-15	26
1.708	854	48	135	-11	35
1.71	855	46	119	-8	26
1.712	856	44	103	-5	25
1.714	857	41	84	-2	17
1.716	858	37	60	2	13
1.718	859	34	42	5	14
1.72	860	29	18	8	-10
1.722	861	25	-1	11	-36
1.724	862	20	-23	14	-29
1.726	863	15	-42	16	-30
1.728	864	10	-64	19	-37
1.73	865	4	-86	21	-34
1.732	866	0	-101	23	-55
1.734	867	-5	-116	24	-56
1.736	868	-11	-137	26	-44
1.738	869	-16	-149	26	-65
1.74	870	-21	-164	27	-78
1.742	871	-26	-176	27	-70
1.744	872	-30	-185	27	-68
1.746	873	-34	-191	26	-62
1.748	874	-38	-197	25	-54
1.75	875	-41	-200	24	-61
1.752	876	-44	-200	23	-48
1.754	877	-46	-197	21	-34
1.756	878	-48	-197	20	-33
1.758	879	-49	-188	17	-28
1.76	880	-49	-179	15	-36
1.762	881	-49	-167	12	-22
1.764	882	-48	-156	10	2
1.766	883	-46	-139	7	6
1.768	884	-44	-122	4	12
1.77	885	-42	-105	1	25
1.772	886	-39	-86	-2	28
1.774	887	-35	-64	-5	42
1.776	888	-31	-42	-8	33
1.778	889	-27	-21	-11	35
1.78	890	-22	0	-13	50
1.782	891	-17	23	-16	44
1.784	892	-11	45	-18	43
1.786	893	-6	64	-20	44
1.788	894	0	86	-22	35
1.79	895	4	102	-24	47
1.792	896	10	120	-25	54
1.794	897	15	135	-26	45
1.796	898	21	153	-27	36
1.798	899	26	165	-27	45
1.8	900	30	174	-27	45
1.802	901	35	186	-27	47
1.804	902	39	192	-26	53
1.806	903	42	195	-25	42
1.808	904	45	195	-23	54
1.81	905	47	195	-22	57
1.812	906	49	192	-20	58
1.814	907	50	183	-17	56
1.816	908	50	174	-15	55
1.818	909	50	163	-12	49
1.82	910	49	149	-9	51
1.822	911	47	132	-6	47
1.824	912	45	115	-3	35
1.826	913	42	96	0	33
1.828	914	39	77	3	23
1.83	915	35	52	7	19
1.832	916	31	31	10	14
1.834	917	26	7	13	-8
1.836	918	21	-16	16	-14
1.838	919	16	-38	19	-17
1.84	920	10	-60	21	-29
1.842	921	4	-82	23	-38
1.844	922	-1	-101	25	-46
1.846	923	-6	-119	27	-55
1.848	924	-12	-140	29	-53
1.85	925	-18	-158	30	-55
1.852	926	-23	-173	31	-62
1.854	927	-28	-185	31	-64
1.856	928	-32	-194	31	-61
1.858	929	-36	-200	31	-59
1.86	930	-40	-200	30	-53
1.862	931	-43	-200	29	-55
1.864	932	-46	-200	28	-53
1.866	933	-47	-194	26	-41
1.868	934	-49	-194	25	-33
1.87	935	-49	-186	23	-28
1.872	936	-49	-175	20	-21
1.874	937	-48	-164	18	-15
1.876	938	-46	-147	15	-2
1.878	939	-44	-131	12	10
1.88	940	-41	-112	9	11
1.882	941	-38	-96	7	18
1.884	942	-34	-74	4	22
1.886	943	-29	-50	1	34
1.888	944	-24	-26	-2	31
1.89	945	-19	-2	-5	37
1.892	946	-13	23	-8	32
1.894	947	-8	42	-10	41
1.896	948	-2	64	-12	45
1.898	949	3	83	-14	39
1.9	950	9	104	-16	38
1.902	951	15	122	-17	38
1.904	952	21	140	-18	43
1.906	953	26	155	-19	40
1.908	954	31	167	-19	41
1.91	955	35	179	-20	36
1.912	956	39	188	-20	42
1.914	957	43	194	-19	41
1.916	958	46	197	-18	43
1.918	959	48	197	-17	41
1.92	960	49	191	-15	40
1.922	961	50	185	-13	40
1.924	962	50	176	-11	43
1.926	963	49	164	-9	42
1.928	964	48	150	-6	34
1.93	965	46	136	-4	35
1.932	966	43	116	-1	26
1.934	967	39	93	2	24
1.936	968	35	71	5	19
1.938	969	31	52	7	9
1.94	970	26	27	10	-2
1.942	971	20	0	13	-7
1.944	972	15	-20	15	-20
1.946	973	9	-46	18	-38
1.948	974	3	-68	20	-31
1.95	975	-2	-87	22	-41
1.952	976	-9	-109	23	-43
1.954	977	-14	-128	25	-43
1.956	978	-20	-146	26	-52
1.958	979	-26	-164	27	-62
1.96	980	-31	-176	27	-59
1.962	981	-35	-185	27	-65
1.964	982	-39	-194	27	-69
1.966	983	-42	-197	26	-65
1.968	984	-45	-200	25	-64
1.97	985	-47	-200	24	-56
1.972	986	-48	-194	22	-51
1.974	987	-49	-191	21	-49
1.976	988	-49	-179	18	-42
1.978	989	-48	-168	16	-33
1.98	990	-46	-154	14	-30
1.982	991	-43	-134	11	-22
1.984	992	-40	-114	8	-19
1.986	993	-36	-92	5	-4
1.988	994	-32	-73	3	6
1.99	995	-27	-48	0	17
1.992	996	-22	-24	-3	23
1.994	997	-16	2	-6	29
1.996	998	-10	27	-9	35
1.998	999	-4	49	-11	40
2	1000	2	71	-13	41
2.002	1001	8	93	-15	42
2.004	1002	14	114	-17	42
2.006	1003	20	135	-19	44
2.008	1004	26	153	-20	52
2.01	1005	31	168	-21	47
2.012	1006	35	177	-21	50
2.014	1007	40	189	-21	45
2.016	1008	43	192	-20	42
2.018	1009	46	198	-20	37
2.02	1010	48	198	-19	37
2.022	1011	49	195	-18	28
2.024	1012	50	189	-16	27
2.026	1013	50	180	-14	27
2.028	1014	49	168	-12	27
2.03	1015	47	154	-10	21
2.032	1016	44	137	-8	16
2.034	1017	41	117	-5	12
2.036	1018	37	98	-3	7
2.038	1019	32	73	0	0
2.04	1020	27	48	3	-7
2.042	1021	21	24	5	-14
2.044	1022	15	-2	8	-15
2.046	1023	9	-25	10	-19
2.048	1024	3	-50	13	-26
2.05	1025	-3	-72	15	-30
2.052	1026	-9	-91	16	-27
2.054	1027	-15	-113	18	-38
2.056	1028	-21	-131	19	-40
2.058	1029	-27	-149	20	-51
2.06	1030	-32	-164	21	-46
2.062	1031	-36	-173	21	-56
2.064	1032	-40	-182	21	-50
2.066	1033	-44	-191	21	-55
2.068	1034	-46	-191	20	-52
2.07	1035	-48	-191	19	-54
2.072	1036	-49	-188	18	-53
2.074	1037	-49	-179	16	-52
2.076	1038	-48	-168	14	-50
2.078	1039	-46	-154	12	-47
2.08	1040	-44	-140	10	-42
2.082	1041	-41	-123	8	-36
2.084	1042	-37	-101	5	-24
2.086	1043	-32	-76	2	-18
2.088	1044	-27	-54	0	-5
2.09	1045	-21	-27	-3	-1
2.092	1046	-15	-3	-5	15
2.094	1047	-9	23	-8	18
2.096	1048	-3	45	-10	31
2.098	1049	3	67	-12	30
2.1	1050	10	92	-14	41
2.102	1051	16	114	-16	50
2.104	1052	22	132	-17	51
2.106	1053	28	150	-18	60
2.108	1054	33	165	-19	62
2.11	1055	38	180	-20	60
2.112	1056	42	189	-20	59
2.114	1057	45	195	-20	57
2.116	1058	47	198	-20	48
2.118	1059	49	198	-19	48
2.12	1060	50	192	-17	38
2.122	1061	50	186	-16	41
2.124	1062	49	174	-14	35
2.126	1063	47	160	-12	30
2.128	1064	44	143	-10	17
2.13	1065	41	126	-8	16
2.132	1066	37	103	-5	3
2.134	1067	32	81	-3	-6
2.136	1068	26	53	0	-17
2.138	1069	20	26	3	-21
2.14	1070	14	2	5	-23
2.142	1071	7	-27	8	-26
2.144	1072	1	-49	10	-29
2.146	1073	-5	-71	12	-31
2.148	1074	-12	-96	14	-35
2.15	1075	-18	-118	16	-38
2.152	1076	-24	-136	17	-38
2.154	1077	-30	-154	18	-48
2.156	1078	-35	-166	18	-48
2.158	1079	-39	-178	19	-46
2.16	1080	-43	-187	19	-42
2.162	1081	-46	-190	18	-43
2.164	1082	-48	-193	18	-46
2.166	1083	-49	-190	17	-41
2.168	1084	-49	-181	15	-33
2.17	1085	-48	-172	14	-37
2.172	1086	-47	-161	12	-34
2.174	1087	-44	-144	10	-28
2.176	1088	-41	-127	8	-25
2.178	1089	-36	-104	6	-12
2.18	1090	-32	-82	3	-11
2.182	1091	-26	-57	1	5
2.184	1092	-20	-32	-1	-2
2.186	1093	-14	-5	-4	9
2.188	1094	-7	21	-6	17
2.19	1095	0	46	-8	17
2.192	1096	6	68	-10	22
2.194	1097	12	90	-12	32
2.196	1098	19	115	-14	37
2.198	1099	25	133	-15	47
2.2	1100	31	151	-16	50
2.202	1101	36	166	-17	50
2.204	1102	40	175	-17	55
2.206	1103	44	184	-17	51
2.208	1104	47	190	-17	54
2.21	1105	49	190	-16	52
2.212	1106	50	187	-15	53
2.214	1107	50	181	-14	35
2.216	1108	49	169	-12	52
2.218	1109	47	155	-10	47
2.22	1110	44	141	-9	44
2.222	1111	41	121	-6	39
2.224	1112	36	98	-4	26
2.226	1113	31	76	-2	17
2.228	1114	25	48	1	13
2.23	1115	19	21	4	-4
2.232	1116	12	-5	6	-13
2.234	1117	5	-31	8	-20
2.236	1118	-1	-56	11	-11
2.238	1119	-8	-78	12	-21
2.24	1120	-15	-103	14	-33
2.242	1121	-21	-125	16	-38
2.244	1122	-27	-143	17	-53
2.246	1123	-33	-161	18	-54
2.248	1124	-38	-173	18	-60
2.25	1125	-42	-182	18	-63
2.252	1126	-45	-188	18	-63
2.254	1127	-47	-188	17	-50
2.256	1128	-49	-191	17	-49
2.258	1129	-49	-185	16	-43
2.26	1130	-48	-173	14	-41
2.262	1131	-47	-164	13	-42
2.264	1132	-44	-147	11	-33
2.266	1133	-41	-130	9	-26
2.268	1134	-36	-107	7	-23
2.27	1135	-31	-85	5	-11
2.272	1136	-25	-57	2	1
2.274	1137	-19	-32	0	20
2.276	1138	-12	-5	-2	30
2.278	1139	-5	21	-4	38
2.28	1140	1	43	-6	34
2.282	1141	8	68	-8	46
2.284	1142	15	93	-10	45
2.286	1143	22	118	-12	48
2.288	1144	28	136	-13	51
2.29	1145	33	151	-14	50
2.292	1146	38	166	-15	66
2.294	1147	43	178	-15	39
2.296	1148	46	184	-15	72
2.298	1149	48	187	-15	42
2.3	1150	50	187	-14	61
2.302	1151	50	181	-13	45
2.304	1152	49	172	-12	41
2.306	1153	47	158	-10	28
2.308	1154	45	144	-8	32
2.31	1155	41	124	-6	18
2.312	1156	36	101	-4	18
2.314	1157	31	76	-1	9
2.316	1158	25	51	1	15
2.318	1159	19	27	3	6
2.32	1160	12	-2	6	-13
2.322	1161	4	-31	8	-7
2.324	1162	-2	-53	10	-17
2.326	1163	-9	-78	12	-33
2.328	1164	-16	-100	13	-37
2.33	1165	-23	-125	15	-43
2.332	1166	-29	-143	16	-44
2.334	1167	-35	-161	17	-42
2.336	1168	-39	-170	17	-38
2.338	1169	-43	-182	18	-54
2.34	1170	-46	-188	18	-36
2.342	1171	-48	-191	18	-51
2.344	1172	-49	-188	17	-46
2.346	1173	-49	-182	16	-48
2.348	1174	-47	-167	14	-50
2.35	1175	-45	-156	13	-46
2.352	1176	-42	-139	11	-29
2.354	1177	-37	-116	9	-27
2.356	1178	-32	-94	7	-18
2.358	1179	-26	-69	5	-5
2.36	1180	-20	-41	2	-4
2.362	1181	-13	-14	0	8
2.364	1182	-6	12	-2	15
2.366	1183	1	38	-4	12
2.368	1184	8	63	-6	25
2.37	1185	15	88	-8	33
2.372	1186	22	113	-10	46
2.374	1187	29	134	-11	50
2.376	1188	34	149	-12	56
2.378	1189	39	164	-13	42
2.38	1190	44	176	-13	57
2.382	1191	47	182	-13	57
2.384	1192	49	182	-12	55
2.386	1193	50	182	-12	58
2.388	1194	50	176	-11	52
2.39	1195	49	167	-10	53
2.392	1196	46	150	-8	49
2.394	1197	43	133	-6	44
2.396	1198	39	116	-5	27
2.398	1199	33	90	-3	22
2.4	1200	28	68	-1	14
2.402	1201	21	37	2	1
2.404	1202	14	10	4	-3
2.406	1203	6	-19	6	-20
2.408	1204	0	-42	8	-20
2.41	1205	-8	-70	10	-26
2.412	1206	-15	-95	12	-34
2.414	1207	-22	-117	13	-48
2.416	1208	-28	-135	14	-47
2.418	1209	-34	-153	15	-36
2.42	1210	-39	-168	16	-58
2.422	1211	-43	-177	16	-60
2.424	1212	-46	-183	16	-68
2.426	1213	-48	-183	15	-61
2.428	1214	-49	-183	15	-53
2.43	1215	-49	-177	14	-45
2.432	1216	-47	-162	12	-54
2.434	1217	-44	-148	11	-36
2.436	1218	-41	-131	9	-29
2.438	1219	-36	-108	7	-20
2.44	1220	-31	-86	5	-15
2.442	1221	-24	-58	3	-16
2.444	1222	-17	-30	1	-9
2.446	1223	-10	-3	-1	15
2.448	1224	-2	26	-3	20
2.45	1225	4	51	-6	28
2.452	1226	12	76	-7	34
2.454	1227	19	101	-9	52
2.456	1228	26	123	-10	43
2.458	1229	32	141	-11	42
2.46	1230	38	159	-12	47
2.462	1231	42	171	-13	52
2.464	1232	46	180	-13	60
2.466	1233	48	183	-13	61
2.468	1234	50	186	-13	51
2.47	1235	50	180	-12	47
2.472	1236	49	171	-11	55
2.474	1237	47	159	-10	42
2.476	1238	43	139	-8	32
2.478	1239	39	119	-6	22
2.48	1240	33	93	-4	7
2.482	1241	27	71	-3	10
2.484	1242	20	40	0	6
2.486	1243	13	13	2	-9
2.488	1244	5	-16	4	-13
2.49	1245	-2	-42	6	-25
2.492	1246	-9	-67	8	-32
2.494	1247	-17	-95	10	-33
2.496	1248	-24	-117	11	-53
2.498	1249	-30	-135	12	-50
2.5	1250	-36	-153	13	-35
2.502	1251	-41	-165	13	-43
2.504	1252	-45	-177	14	-56
2.506	1253	-47	-180	14	-54
2.508	1254	-49	-183	14	-62
2.51	1255	-49	-177	13	-51
2.512	1256	-48	-168	12	-43
2.514	1257	-46	-157	11	-54
2.516	1258	-42	-137	9	-44
2.518	1259	-38	-120	8	-29
2.52	1260	-32	-94	6	-19
2.522	1261	-26	-69	4	-12
2.524	1262	-19	-41	2	-9
2.526	1263	-12	-14	0	-8
2.528	1264	-4	15	-2	12
2.53	1265	3	41	-4	21
2.532	1266	11	69	-6	20
2.534	1267	19	97	-8	24
2.536	1268	26	122	-10	38
2.538	1269	32	140	-11	47
2.54	1270	38	155	-11	43
2.542	1271	43	170	-12	56
2.544	1272	46	176	-12	48
2.546	1273	49	182	-12	68
2.548	1274	50	179	-11	62
2.55	1275	50	176	-11	55
2.552	1276	48	164	-10	43
2.554	1277	46	150	-8	50
2.556	1278	42	133	-7	38
2.558	1279	37	110	-5	41
2.56	1280	31	88	-4	23
2.562	1281	25	66	-3	14
2.564	1282	17	35	-1	9
2.566	1283	10	8	1	4
2.568	1284	2	-21	3	-15
2.57	1285	-5	-47	5	-26
2.572	1286	-13	-75	7	-38
2.574	1287	-21	-103	9	-39
2.576	1288	-28	-125	10	-44
2.578	1289	-34	-143	11	-57
2.58	1290	-39	-158	12	-41
2.582	1291	-44	-170	12	-43
2.584	1292	-47	-176	12	-56
2.586	1293	-48	-173	11	-56
2.588	1294	-49	-173	11	-67
2.59	1295	-48	-164	10	-65
2.592	1296	-46	-153	9	-49
2.594	1297	-43	-139	8	-47
2.596	1298	-38	-116	6	-44
2.598	1299	-33	-96	5	-24
2.6	1300	-26	-68	3	-14
2.602	1301	-19	-40	1	0
2.604	1302	-11	-10	-1	7
2.606	1303	-3	19	-3	4
2.608	1304	4	45	-5	11
2.61	1305	12	70	-6	35
2.612	1306	20	98	-8	39
2.614	1307	27	120	-9	45
2.616	1308	34	141	-10	39
2.618	1309	39	156	-11	54
2.62	1310	44	168	-11	65
2.622	1311	47	174	-11	77
2.624	1312	49	177	-11	61
2.626	1313	50	174	-10	61
2.628	1314	49	168	-10	54
2.63	1315	47	156	-9	51
2.632	1316	44	139	-7	43
2.634	1317	40	122	-6	32
2.636	1318	34	96	-4	21
2.638	1319	28	74	-3	29
2.64	1320	21	46	-1	11
2.642	1321	13	16	1	5
2.644	1322	5	-13	3	-13
2.646	1323	-3	-42	5	-25
2.648	1324	-11	-70	7	-35
2.65	1325	-19	-98	9	-43
2.652	1326	-26	-120	10	-44
2.654	1327	-33	-141	11	-47
2.656	1328	-38	-156	12	-45
2.658	1329	-43	-168	12	-59
2.66	1330	-46	-174	12	-55
2.662	1331	-48	-177	12	-64
2.664	1332	-49	-174	11	-65
2.666	1333	-48	-165	10	-53
2.668	1334	-46	-157	10	-53
2.67	1335	-43	-140	8	-45
2.672	1336	-38	-120	7	-36
2.674	1337	-32	-94	5	-23
2.676	1338	-25	-69	4	-12
2.678	1339	-18	-41	2	1
2.68	1340	-10	-11	0	3
2.682	1341	-2	18	-2	5
2.684	1342	6	44	-3	27
2.686	1343	14	72	-5	31
2.688	1344	22	100	-7	44
2.69	1345	29	122	-8	49
2.692	1346	36	143	-9	63
2.694	1347	41	158	-10	54
2.696	1348	45	167	-10	46
2.698	1349	48	173	-10	66
2.7	1350	50	176	-10	60
2.702	1351	50	170	-9	63
2.704	1352	49	161	-8	62
2.706	1353	46	147	-7	45
2.708	1354	42	130	-6	50
2.71	1355	37	110	-5	47
2.712	1356	30	85	-4	23
2.714	1357	23	57	-2	13
2.716	1358	15	26	0	6
2.718	1359	7	-3	2	-5
2.72	1360	-1	-32	4	-11
2.722	1361	-9	-60	6	-21
2.724	1362	-17	-85	7	-37
2.726	1363	-25	-110	8	-33
2.728	1364	-32	-135	10	-22
2.73	1365	-38	-150	10	-42
2.732	1366	-43	-165	11	-55
2.734	1367	-46	-171	11	-66
2.736	1368	-48	-174	11	-69
2.738	1369	-49	-171	10	-63
2.74	1370	-48	-165	10	-56
2.742	1371	-46	-154	9	-65
2.744	1372	-42	-137	8	-47
2.746	1373	-37	-114	6	-28
2.748	1374	-31	-91	5	-27
2.75	1375	-24	-63	3	-15
2.752	1376	-16	-35	2	-18
2.754	1377	-8	-5	0	-9
2.756	1378	0	24	-2	8
2.758	1379	8	50	-3	19
2.76	1380	17	81	-5	23
2.762	1381	24	103	-6	41
2.764	1382	32	131	-8	59
2.766	1383	38	146	-8	72
2.768	1384	43	161	-9	58
2.77	1385	47	170	-9	46
2.772	1386	49	173	-9	66
2.774	1387	50	170	-8	63
2.776	1388	49	164	-8	67
2.778	1389	47	152	-7	65
2.78	1390	44	135	-5	45
2.782	1391	39	115	-4	50
2.784	1392	33	92	-3	57
2.786	1393	26	64	-1	28
2.788	1394	18	33	1	13
2.79	1395	9	3	2	-8
2.792	1396	1	-26	4	-14
2.794	1397	-7	-55	6	-19
2.796	1398	-16	-86	8	-28
2.798	1399	-24	-111	9	-53
2.8	1400	-31	-133	10	-46
2.802	1401	-37	-151	11	-36
2.804	1402	-42	-166	12	-40
2.806	1403	-46	-175	12	-63
2.808	1404	-48	-178	12	-82
2.81	1405	-49	-178	12	-87
2.812	1406	-48	-169	11	-68
2.814	1407	-46	-157	10	-64
2.816	1408	-42	-140	9	-60
2.818	1409	-37	-120	8	-57
2.82	1410	-31	-97	7	-24
2.822	1411	-23	-66	5	-15
2.824	1412	-15	-35	3	0
2.826	1413	-7	-8	2	-12
2.828	1414	1	21	0	2
2.83	1415	10	53	-2	20
2.832	1416	19	84	-4	37
2.834	1417	27	109	-5	44
2.836	1418	34	131	-6	58
2.838	1419	40	149	-7	66
2.84	1420	44	161	-8	64
2.842	1421	48	170	-8	90
2.844	1422	50	173	-8	64
2.846	1423	50	167	-7	74
2.848	1424	49	161	-7	71
2.85	1425	46	147	-6	63
2.852	1426	41	127	-5	55
2.854	1427	36	104	-3	48
2.856	1428	29	79	-2	28
2.858	1429	21	48	0	33
2.86	1430	13	20	1	26
2.862	1431	4	-12	3	-6
2.864	1432	-4	-41	5	-18
2.866	1433	-13	-72	7	-32
2.868	1434	-21	-97	8	-50
2.87	1435	-29	-122	9	-55
2.872	1436	-36	-143	10	-33
2.874	1437	-41	-158	11	-67
2.876	1438	-45	-167	11	-64
2.878	1439	-48	-173	11	-68
2.88	1440	-49	-173	11	-74
2.882	1441	-48	-167	11	-79
2.884	1442	-46	-156	10	-65
2.886	1443	-42	-139	9	-79
2.888	1444	-37	-119	8	-48
2.89	1445	-31	-93	6	-32
2.892	1446	-23	-65	5	-33
2.894	1447	-15	-34	3	-9
2.896	1448	-6	-4	2	0
2.898	1449	2	25	0	7
2.9	1450	11	56	-2	34
2.902	1451	20	84	-3	32
2.904	1452	28	112	-5	41
2.906	1453	35	133	-6	62
2.908	1454	41	151	-7	73
2.91	1455	45	160	-7	53
2.912	1456	48	166	-7	84
2.914	1457	50	169	-7	74
2.916	1458	50	163	-6	86
2.918	1459	48	154	-6	89
2.92	1460	44	137	-5	62
2.922	1461	39	117	-4	48
2.924	1462	33	91	-2	47
2.926	1463	26	66	-1	32
2.928	1464	17	35	0	17
2.93	1465	8	2	2	9
2.932	1466	0	-27	4	-18
2.934	1467	-9	-56	5	-18
2.936	1468	-18	-87	7	-26
2.938	1469	-26	-112	8	-60
2.94	1470	-33	-134	9	-67
2.942	1471	-39	-152	10	-34
2.944	1472	-44	-164	10	-79
2.946	1473	-47	-170	10	-73
2.948	1474	-49	-173	10	-84
2.95	1475	-49	-167	9	-89
2.952	1476	-47	-158	9	-72
2.954	1477	-43	-141	8	-51
2.956	1478	-38	-121	7	-76
2.958	1479	-32	-95	5	-45
2.96	1480	-24	-67	4	-29
2.962	1481	-16	-36	2	-26
2.964	1482	-7	-6	1	4
2.966	1483	1	23	-1	4
2.968	1484	10	55	-3	5
2.97	1485	19	83	-4	44
2.972	1486	28	111	-5	56
2.974	1487	35	135	-7	72
2.976	1488	41	150	-7	66
2.978	1489	46	165	-8	55
2.98	1490	49	171	-8	88
2.982	1491	50	171	-8	87
2.984	1492	50	168	-8	84
2.986	1493	47	153	-7	74
2.988	1494	44	139	-6	70
2.99	1495	38	116	-5	57
2.992	1496	32	93	-4	63
2.994	1497	24	65	-3	24
2.996	1498	15	31	-1	16
2.998	1499	6	1	0	3
3	1500	-3	-31	2	-10
3.002	1501	-12	-62	4	-26
3.004	1502	-21	-90	5	-36
3.006	1503	-29	-115	6	-63
3.008	1504	-36	-137	7	-79
3.01	1505	-41	-152	8	-36
3.012	1506	-46	-164	8	-62
3.014	1507	-48	-167	8	-92
3.016	1508	-49	-167	8	-92
3.018	1509	-48	-158	7	-82
3.02	1510	-45	-147	7	-83
3.022	1511	-41	-130	6	-61
3.024	1512	-35	-107	5	-79
3.026	1513	-28	-79	3	-69
3.028	1514	-19	-48	2	-11
3.03	1515	-10	-17	1	-20
3.032	1516	-1	15	-1	1
3.034	1517	8	44	-2	7
3.036	1518	17	75	-4	19
3.038	1519	25	100	-5	45
3.04	1520	33	128	-7	66
3.042	1521	40	146	-7	73
3.044	1522	45	161	-8	35
3.046	1523	48	167	-8	92
3.048	1524	50	167	-7	84
3.05	1525	50	164	-7	110
3.052	1526	48	155	-7	85
3.054	1527	44	138	-6	76
3.056	1528	39	118	-5	57
3.058	1529	32	92	-4	77
3.06	1530	24	61	-2	34
3.062	1531	15	30	-1	12
3.064	1532	6	0	0	9
3.066	1533	-3	-32	2	-12
3.068	1534	-12	-60	3	-10
3.07	1535	-21	-91	5	-33
3.072	1536	-30	-119	6	-62
3.074	1537	-37	-140	7	-68
3.076	1538	-42	-155	8	-91
3.078	1539	-46	-164	8	-38
3.08	1540	-49	-170	8	-107
3.082	1541	-49	-167	8	-89
3.084	1542	-47	-158	8	-108
3.086	1543	-44	-144	7	-80
3.088	1544	-39	-124	6	-73
3.09	1545	-33	-101	5	-63
3.092	1546	-25	-73	4	-74
3.094	1547	-16	-39	2	-39
3.096	1548	-7	-9	1	-5
3.098	1549	2	23	-1	-4
3.1	1550	12	55	-2	2
3.102	1551	21	86	-4	25
3.104	1552	29	111	-5	36
3.106	1553	36	133	-6	88
3.108	1554	42	151	-7	88
3.11	1555	47	163	-7	44
3.112	1556	49	166	-7	73
3.114	1557	50	166	-7	108
3.116	1558	49	157	-6	113
3.118	1559	46	146	-6	97
3.12	1560	41	126	-5	83
3.122	1561	34	100	-4	46
3.124	1562	27	75	-3	94
3.126	1563	18	41	-1	54
3.128	1564	8	8	0	10
3.13	1565	0	-18	1	-10
3.132	1566	-10	-53	3	-22
3.134	1567	-19	-81	4	-21
3.136	1568	-28	-112	6	-30
3.138	1569	-35	-131	6	-90
3.14	1570	-41	-149	7	-100
3.142	1571	-46	-161	7	-47
3.144	1572	-48	-167	8	-72
3.146	1573	-49	-167	8	-104
3.148	1574	-48	-161	8	-116
3.15	1575	-44	-144	7	-119
3.152	1576	-39	-124	6	-82
3.154	1577	-33	-101	5	-50
3.156	1578	-25	-73	4	-80
3.158	1579	-16	-42	3	-71
3.16	1580	-6	-6	1	-14
3.162	1581	3	23	0	-2
3.164	1582	12	52	-1	31
3.166	1583	22	86	-3	17
3.168	1584	30	111	-4	24
3.17	1585	37	133	-5	66
3.172	1586	43	151	-6	113
3.174	1587	47	160	-6	69
3.176	1588	50	166	-6	77
3.178	1589	50	163	-6	112
3.18	1590	48	154	-6	114
3.182	1591	44	137	-5	139
3.184	1592	39	117	-4	105
3.186	1593	32	91	-3	48
3.188	1594	24	63	-2	76
3.19	1595	15	32	-1	65
3.192	1596	5	0	0	26
3.194	1597	-4	-29	1	-2
3.196	1598	-14	-63	3	-36
3.198	1599	-23	-91	4	-36
3.2	1600	-32	-122	6	-15
3.202	1601	-38	-137	6	-75
3.204	1602	-44	-155	7	-119
3.206	1603	-47	-161	7	-63
3.208	1604	-49	-164	7	-101
3.21	1605	-48	-155	6	-96
3.212	1606	-46	-147	6	-124
3.214	1607	-42	-130	5	-143
3.216	1608	-36	-107	4	-108
3.218	1609	-28	-79	3	-42
3.22	1610	-19	-48	2	-72
3.222	1611	-10	-17	1	-59
3.224	1612	0	15	0	-29
3.226	1613	10	47	-1	-4
3.228	1614	19	75	-2	38
3.23	1615	28	106	-4	53
3.232	1616	36	131	-5	16
3.234	1617	42	146	-5	83
3.236	1618	47	161	-6	118
3.238	1619	49	164	-6	88
3.24	1620	50	164	-6	131
3.242	1621	48	152	-5	109
3.244	1622	45	141	-5	114
3.246	1623	40	121	-4	157
3.248	1624	33	95	-3	97
3.25	1625	24	64	-2	50
3.252	1626	15	33	-1	75
3.254	1627	5	0	0	24
3.256	1628	-4	-32	2	21
3.258	1629	-14	-63	3	4
3.26	1630	-24	-94	4	-61
3.262	1631	-32	-119	5	-58
3.264	1632	-39	-140	6	-42
3.266	1633	-44	-155	7	-116
3.268	1634	-48	-164	7	-71
3.27	1635	-49	-164	7	-112
3.272	1636	-48	-158	7	-144
3.274	1637	-45	-147	7	-123
3.276	1638	-41	-130	6	-124
3.278	1639	-34	-104	5	-149
3.28	1640	-26	-76	4	-86
3.282	1641	-17	-45	3	-79
3.284	1642	-7	-11	2	-55
3.286	1643	3	21	1	-16
3.288	1644	13	53	0	-19
3.29	1645	22	81	-1	3
3.292	1646	31	112	-3	62
3.294	1647	38	134	-4	54
3.296	1648	44	149	-4	82
3.298	1649	48	158	-4	133
3.3	1650	50	161	-4	76
3.302	1651	50	158	-4	142
3.304	1652	47	144	-3	153
3.306	1653	43	130	-3	141
3.308	1654	36	104	-2	131
3.31	1655	28	76	-1	133
3.312	1656	19	45	0	53
3.314	1657	9	11	1	94
3.316	1658	0	-18	2	33
3.318	1659	-10	-50	3	-10
3.32	1660	-20	-81	4	-4
3.322	1661	-29	-109	5	-34
3.324	1662	-37	-134	6	-70
3.326	1663	-43	-152	7	-60
3.328	1664	-47	-161	7	-146
3.33	1665	-49	-164	7	-78
3.332	1666	-49	-161	7	-126
3.334	1667	-46	-150	7	-141
3.336	1668	-42	-133	6	-175
3.338	1669	-36	-110	5	-135
3.34	1670	-28	-82	4	-147
3.342	1671	-18	-48	3	-82
3.344	1672	-8	-14	2	-81
3.346	1673	1	15	1	-79
3.348	1674	11	47	0	-19
3.35	1675	21	78	-1	3
3.352	1676	30	106	-2	31
3.354	1677	38	131	-3	56
3.356	1678	44	149	-4	50
3.358	1679	48	158	-4	112
3.36	1680	50	161	-4	138
3.362	1681	50	155	-3	112
3.364	1682	47	144	-3	152
3.366	1683	42	124	-2	163
3.368	1684	36	101	-1	160
3.37	1685	28	76	-1	162
3.372	1686	18	42	0	133
3.374	1687	8	8	1	51
3.376	1688	-1	-21	2	83
3.378	1689	-12	-56	3	29
3.38	1690	-22	-87	4	0
3.382	1691	-31	-115	5	-35
3.384	1692	-38	-137	6	-68
3.386	1693	-44	-152	6	-85
3.388	1694	-47	-161	7	-101
3.39	1695	-49	-164	7	-134
3.392	1696	-48	-158	7	-108
3.394	1697	-45	-144	6	-185
3.396	1698	-40	-127	6	-174
3.398	1699	-33	-101	5	-167
3.4	1700	-25	-73	4	-164
3.402	1701	-15	-39	3	-145
3.404	1702	-4	-3	2	-90
3.406	1703	5	26	1	-96
3.408	1704	16	61	0	-28
3.41	1705	25	89	-1	-19
3.412	1706	34	117	-2	35
3.414	1707	41	139	-3	47
3.416	1708	46	151	-3	95
3.418	1709	49	157	-3	90
3.42	1710	50	157	-3	169
3.422	1711	48	145	-2	104
3.424	1712	45	134	-2	177
3.426	1713	39	111	-1	177
3.428	1714	31	82	0	197
3.43	1715	22	54	0	165
3.432	1716	12	20	1	169
3.434	1717	1	-15	2	79
3.436	1718	-8	-44	3	86
3.438	1719	-19	-78	4	44
3.44	1720	-28	-103	4	-16
3.442	1721	-36	-128	5	-30
3.444	1722	-42	-146	6	-74
3.446	1723	-47	-155	5	-88
3.448	1724	-49	-155	4	-104
3.45	1725	-49	-152	4	-178
3.452	1726	-46	-138	3	-105
3.454	1727	-41	-121	3	-203
3.456	1728	-34	-95	2	-183
3.458	1729	-26	-67	1	-208
3.46	1730	-16	-33	0	-191
3.462	1731	-6	0	-1	-181
3.464	1732	4	32	-2	-96
3.466	1733	15	66	-3	-104
3.468	1734	25	94	-3	-46
3.47	1735	34	122	-4	-8
3.472	1736	41	140	-4	32
3.474	1737	46	155	-5	70
3.476	1738	49	158	-4	102
3.478	1739	50	158	-4	97
3.48	1740	48	149	-4	177
3.482	1741	44	132	-3	121
3.484	1742	38	109	-2	205
3.486	1743	30	80	-1	193
3.488	1744	21	49	0	207
3.49	1745	11	15	1	198
3.492	1746	0	-20	2	190
3.494	1747	-10	-49	2	93
3.496	1748	-20	-80	3	79
3.498	1749	-30	-108	3	15
3.5	1750	-38	-133	4	-26
3.502	1751	-44	-148	4	-46
3.504	1752	-47	-157	5	-96
3.506	1753	-49	-160	5	-116
3.508	1754	-48	-151	4	-105
3.51	1755	-45	-140	4	-177
3.512	1756	-39	-117	3	-128
3.514	1757	-32	-91	2	-224
3.516	1758	-23	-60	1	-209
3.518	1759	-13	-26	0	-223
3.52	1760	-2	9	-1	-212
3.522	1761	8	41	-2	-211
3.524	1762	19	75	-3	-111
3.526	1763	29	103	-3	-116
3.528	1764	37	128	-4	-29
3.53	1765	43	143	-4	11
3.532	1766	48	155	-4	70
3.534	1767	50	161	-5	80
3.536	1768	49	155	-5	122
3.538	1769	47	144	-4	125
3.54	1770	41	121	-3	176
3.542	1771	34	95	-2	161
3.544	1772	25	64	-1	229
3.546	1773	15	30	0	220
3.548	1774	4	-5	1	225
3.55	1775	-6	-34	1	210
3.552	1776	-17	-68	2	189
3.554	1777	-27	-96	2	94
3.556	1778	-35	-121	3	88
3.558	1779	-42	-140	3	-17
3.56	1780	-47	-152	3	-54
3.562	1781	-49	-158	4	-95
3.564	1782	-49	-155	4	-130
3.566	1783	-46	-141	3	-142
3.568	1784	-41	-121	2	-202
3.57	1785	-34	-95	1	-144
3.572	1786	-25	-64	0	-189
3.574	1787	-15	-30	-1	-231
3.576	1788	-4	5	-2	-233
3.578	1789	7	40	-3	-231
3.58	1790	18	71	-3	-225
3.582	1791	28	102	-4	-190
3.584	1792	36	124	-4	-114
3.586	1793	43	146	-5	-99
3.588	1794	48	158	-5	11
3.59	1795	50	158	-4	37
3.592	1796	50	155	-4	121
3.594	1797	47	141	-3	128
3.596	1798	41	118	-2	146
3.598	1799	34	92	-1	188
3.6	1800	25	64	-1	167
3.602	1801	15	27	1	192
3.604	1802	4	-8	2	237
3.606	1803	-7	-40	2	235
3.608	1804	-18	-74	3	222
3.61	1805	-28	-105	4	207
3.612	1806	-36	-127	4	123
3.614	1807	-43	-145	4	59
3.616	1808	-47	-154	4	50
3.618	1809	-49	-154	3	-60
3.62	1810	-48	-148	3	-95
3.622	1811	-45	-137	3	-134
3.624	1812	-39	-114	2	-160
3.626	1813	-32	-88	1	-208
3.628	1814	-22	-54	0	-154
3.63	1815	-12	-17	-2	-180
3.632	1816	-1	18	-3	-232
3.634	1817	10	50	-3	-232
3.636	1818	21	84	-4	-233
3.638	1819	30	112	-5	-233
3.64	1820	39	137	-5	-177
3.642	1821	45	152	-5	-135
3.644	1822	49	158	-4	-106
3.646	1823	50	158	-4	14
3.648	1824	49	149	-3	34
3.65	1825	45	135	-3	126
3.652	1826	39	112	-2	136
3.654	1827	30	77	0	152
3.656	1828	21	49	0	176
3.658	1829	10	12	1	179
3.66	1830	-1	-23	2	225
3.662	1831	-12	-58	3	238
3.664	1832	-23	-92	4	209
3.666	1833	-32	-117	4	238
3.668	1834	-40	-141	5	210
3.67	1835	-45	-153	5	140
3.672	1836	-48	-156	4	49
3.674	1837	-49	-156	4	-41
3.676	1838	-47	-144	3	-117
3.678	1839	-42	-124	2	-45
3.68	1840	-35	-98	1	-150
3.682	1841	-26	-67	0	-134
3.684	1842	-15	-30	-1	-175
3.686	1843	-4	5	-2	-198
3.688	1844	6	37	-3	-149
3.69	1845	18	74	-4	-233
3.692	1846	28	102	-4	-231
3.694	1847	37	130	-5	-233
3.696	1848	44	148	-5	-230
3.698	1849	48	154	-4	-210
3.7	1850	50	157	-4	-64
3.702	1851	49	149	-3	-96
3.704	1852	46	135	-2	28
3.706	1853	40	112	-1	127
3.708	1854	32	83	0	110
3.71	1855	22	49	1	172
3.712	1856	11	12	2	150
3.714	1857	0	-23	3	135
3.716	1858	-11	-55	3	196
3.718	1859	-22	-89	4	233
3.72	1860	-32	-120	5	237
3.722	1861	-40	-141	5	202
3.724	1862	-45	-153	5	233
3.726	1863	-48	-156	4	203
3.728	1864	-49	-156	4	77
3.73	1865	-47	-144	3	8
3.732	1866	-42	-121	1	-113
3.734	1867	-35	-95	0	-81
3.736	1868	-25	-61	-1	-109
3.738	1869	-15	-27	-2	-140
3.74	1870	-3	11	-3	-145
3.742	1871	7	43	-4	-225
3.744	1872	19	80	-5	-125
3.746	1873	29	111	-6	-155
3.748	1874	38	136	-6	-233
3.75	1875	44	154	-7	-231
3.752	1876	49	166	-7	-234
3.754	1877	50	163	-6	-210
3.756	1878	49	157	-6	-90
3.758	1879	45	140	-5	-54
3.76	1880	38	111	-3	-38
3.762	1881	30	82	-2	149
3.764	1882	19	45	-1	154
3.766	1883	8	9	0	170
3.768	1884	-3	-29	2	170
3.77	1885	-14	-63	3	140
3.772	1886	-25	-94	3	153
3.774	1887	-34	-122	4	208
3.776	1888	-42	-146	5	237
3.778	1889	-47	-158	5	181
3.78	1890	-49	-161	5	238
3.782	1891	-48	-155	5	176
3.784	1892	-45	-138	3	111
3.786	1893	-39	-115	2	15
3.788	1894	-31	-86	1	-83
3.79	1895	-21	-49	-1	-110
3.792	1896	-10	-12	-2	-123
3.794	1897	1	23	-3	-124
3.796	1898	13	61	-4	-147
3.798	1899	24	95	-5	-223
3.8	1900	0	24	-6	-101
3.802	1901	0	26	-7	-165
3.804	1902	0	25	-7	-219
3.806	1903	0	24	-7	-233
3.808	1904	0	23	-7	-234
3.81	1905	0	22	-7	-211
3.812	1906	0	21	-7	-82
3.814	1907	0	20	-7	-27
3.816	1908	0	16	-6	-17
3.818	1909	0	15	-6	132
3.82	1910	0	14	-6	144
3.822	1911	0	13	-6	180
3.824	1912	0	12	-6	122
3.826	1913	0	11	-6	81
3.828	1914	0	11	-6	163
3.83	1915	0	11	-6	145
3.832	1916	0	11	-6	219
3.834	1917	0	11	-6	178
3.836	1918	0	11	-6	206
3.838	1919	0	14	-7	174
3.84	1920	0	13	-7	148
3.842	1921	0	13	-7	38
3.844	1922	0	13	-7	-21
3.846	1923	0	13	-7	-60
3.848	1924	0	10	-6	-77
3.85	1925	0	10	-6	-76
3.852	1926	0	10	-6	-88
3.854	1927	0	10	-6	-140
3.856	1928	0	7	-5	-91
3.858	1929	0	7	-5	-103
3.86	1930	0	4	-4	-172
3.862	1931	0	4	-4	-199
3.864	1932	0	4	-4	-223
3.866	1933	0	1	-3	-209
3.868	1934	0	-1	-2	-110
3.87	1935	0	0	-2	-66
3.872	1936	0	-2	-1	-47
3.874	1937	0	-1	-1	64
3.876	1938	0	-3	0	63
3.878	1939	0	-2	0	107
3.88	1940	0	-1	0	84
3.882	1941	0	-3	1	49
3.884	1942	0	-2	1	94
3.886	1943	0	-1	1	110
3.888	1944	0	-1	1	151
3.89	1945	0	-1	1	174
3.892	1946	0	-1	1	168
3.894	1947	0	-1	1	166
3.896	1948	0	1	0	164
3.898	1949	0	0	0	70
3.9	1950	0	0	0	22
3.902	1951	0	0	0	-44
3.904	1952	0	2	-1	-61
3.906	1953	0	1	-1	-80
3.908	1954	0	1	-1	-56
3.91	1955	0	1	-1	-104
3.912	1956	0	1	-1	-72
3.914	1957	0	1	-1	-127
3.916	1958	0	1	-1	-82
3.918	1959	0	1	-1	-126
3.92	1960	0	-1	0	-166
3.922	1961	0	0	0	-173
3.924	1962	0	0	0	-133
3.926	1963	0	0	0	-90
3.928	1964	0	-2	1	-40
3.93	1965	0	-1	1	1
3.932	1966	0	-1	1	20
3.934	1967	0	-1	1	91
3.936	1968	0	-1	1	84
3.938	1969	0	-1	1	70
3.94	1970	0	-1	1	65
3.942	1971	0	-1	1	55
3.944	1972	0	-1	1	107
3.946	1973	0	-1	1	138
3.948	1974	0	-1	1	129
3.95	1975	0	1	0	138
3.952	1976	0	0	0	140
3.954	1977	0	0	0	107
3.956	1978	0	0	0	71
3.958	1979	0	2	-1	-12
3.96	1980	0	1	-1	-59
3.962	1981	0	1	-1	-61
3.964	1982	0	1	-1	-61
3.966	1983	0	-1	0	-70
3.968	1984	0	0	0	-75
3.97	1985	0	0	0	-80
3.972	1986	0	0	0	-110
3.974	1987	0	0	0	-26
3.976	1988	0	0	0	-93
3.978	1989	0	0	0	-135
3.98	1990	0	0	0	-137
3.982	1991	0	-2	1	-96
3.984	1992	0	-1	1	-69
3.986	1993	0	-1	1	6
3.988	1994	0	-1	1	-4
3.99	1995	0	-1	1	22
3.992	1996	0	-1	1	109
3.994	1997	0	-1	1	85
3.996	1998	0	-1	1	63
3.998	1999	0	-1	1	50
