#SLFR RTP OL_Test
#t	n	u	v	$\theta$	a
0	0	0	0	0	3
0.002	1	0	0	0	2
0.004	2	0	0	0	2
0.006	3	0	0	0	2
0.008	4	0	0	0	2
0.01	5	0	0	0	2
0.012	6	0	0	0	2
0.014	7	0	0	0	2
0.016	8	0	0	0	2
0.018	9	0	0	0	3
0.02	10	0	0	0	3
0.022	11	0	0	0	3
0.024	12	0	0	0	3
0.026	13	1	2	0	2
0.028	14	1	1	0	3
0.03	15	1	1	0	2
0.032	16	1	1	0	2
0.034	17	1	1	0	2
0.036	18	1	1	0	3
0.038	19	1	1	0	2
0.04	20	1	1	0	2
0.042	21	1	1	0	3
0.044	22	2	4	0	2
0.046	23	2	3	0	3
0.048	24	2	3	0	3
0.05	25	2	3	0	3
0.052	26	2	3	0	2
0.054	27	2	3	0	3
0.056	28	2	3	0	2
0.058	29	3	6	0	2
0.06	30	3	5	0	2
0.062	31	3	5	0	2
0.064	32	3	5	0	3
0.066	33	3	5	0	3
0.068	34	4	8	0	2
0.07	35	4	7	0	2
0.072	36	4	7	0	2
0.074	37	4	7	0	3
0.076	38	5	10	0	2
0.078	39	5	9	0	2
0.08	40	5	9	0	3
0.082	41	5	9	0	2
0.084	42	6	12	0	2
0.086	43	6	11	0	2
0.088	44	6	11	0	2
0.09	45	6	11	0	3
0.092	46	7	14	0	1
0.094	47	7	13	0	2
0.096	48	7	13	0	1
0.098	49	8	13	1	0
0.1	50	8	13	1	6
0.102	51	8	13	1	4
0.104	52	8	13	1	4
0.106	53	9	16	1	5
0.108	54	9	15	1	3
0.11	55	9	12	2	3
0.112	56	10	15	2	4
0.114	57	10	15	2	0
0.116	58	10	15	2	1
0.118	59	11	18	2	1
0.12	60	11	15	3	1
0.122	61	12	18	3	2
0.124	62	12	17	3	2
0.126	63	12	17	3	-3
0.128	64	13	20	3	0
0.13	65	13	17	4	-2
0.132	66	14	20	4	-3
0.134	67	14	19	4	-3
0.136	68	14	19	4	-2
0.138	69	15	19	5	-3
0.14	70	15	19	5	0
0.142	71	16	21	5	-1
0.144	72	16	21	5	-3
0.146	73	16	18	6	-1
0.148	74	17	21	6	-2
0.15	75	17	21	6	-3
0.152	76	18	21	7	-2
0.154	77	18	21	7	-4
0.156	78	19	23	7	-2
0.158	79	19	23	7	0
0.16	80	20	23	8	-1
0.162	81	20	23	8	-1
0.164	82	21	25	8	0
0.166	83	21	25	8	-2
0.168	84	21	22	9	-2
0.17	85	22	25	9	-3
0.172	86	22	25	9	-6
0.174	87	23	25	10	-3
0.176	88	23	25	10	-3
0.178	89	24	27	10	-4
0.18	90	24	24	11	-4
0.182	91	25	27	11	-3
0.184	92	25	27	11	-6
0.186	93	26	27	12	-4
0.188	94	26	27	12	-6
0.19	95	27	29	12	-6
0.192	96	27	26	13	-6
0.194	97	28	29	13	-6
0.196	98	28	29	13	-6
0.198	99	29	29	14	-3
0.2	100	29	29	14	-4
0.202	101	30	31	14	-5
0.204	102	30	28	15	-4
0.206	103	31	31	15	-5
0.208	104	31	28	16	-6
0.21	105	32	31	16	-5
0.212	106	32	31	16	-4
0.214	107	33	31	17	-5
0.216	108	33	31	17	-2
0.218	109	34	31	18	-4
0.22	110	34	31	18	-3
0.222	111	35	33	18	-2
0.224	112	35	30	19	-6
0.226	113	36	33	19	-4
0.228	114	36	30	20	-6
0.23	115	37	33	20	-5
0.232	116	37	30	21	-6
0.234	117	38	33	21	-3
0.236	118	38	33	21	-4
0.238	119	39	33	22	-5
0.24	120	39	33	22	-5
0.242	121	40	33	23	-5
0.244	122	40	33	23	-5
0.246	123	41	33	24	-8
0.248	124	41	33	24	-7
0.25	125	42	33	25	-7
0.252	126	42	33	25	-5
0.254	127	42	30	26	-7
0.256	128	43	33	26	-3
0.258	129	43	30	27	-6
0.26	130	44	33	27	-4
0.262	131	44	33	27	-5
0.264	132	44	30	28	-3
0.266	133	45	33	28	-8
0.268	134	45	30	29	-3
0.27	135	46	33	29	-6
0.272	136	46	30	30	-1
0.274	137	46	30	30	-4
0.276	138	47	30	31	-1
0.278	139	47	30	31	-5
0.28	140	47	27	32	0
0.282	141	47	27	32	-7
0.284	142	48	27	33	-1
0.286	143	48	27	33	-7
0.288	144	48	24	34	-2
0.29	145	48	24	34	-6
0.292	146	49	24	35	0
0.294	147	49	24	35	-7
0.296	148	49	21	36	0
0.298	149	49	21	36	-6
0.3	150	49	18	37	-2
0.302	151	50	21	37	-6
0.304	152	50	18	38	-3
0.306	153	50	18	38	-6
0.308	154	50	18	38	-1
0.31	155	50	15	39	-4
0.312	156	50	15	39	0
0.314	157	50	12	40	-2
0.316	158	50	12	40	-1
0.318	159	50	12	40	-1
0.32	160	50	9	41	1
0.322	161	50	9	41	0
0.324	162	50	9	41	0
0.326	163	50	6	42	1
0.328	164	50	6	42	3
0.33	165	50	6	42	3
0.332	166	49	0	43	2
0.334	167	49	0	43	4
0.336	168	49	0	43	4
0.338	169	49	-2	44	3
0.34	170	48	-4	44	4
0.342	171	48	-3	44	2
0.344	172	48	-2	44	5
0.346	173	48	-4	45	3
0.348	174	47	-6	45	16
0.35	175	47	-5	45	6
0.352	176	46	-7	45	1
0.354	177	46	-6	45	3
0.356	178	46	-5	45	4
0.358	179	45	-10	46	2
0.36	180	45	-9	46	6
0.362	181	44	-11	46	3
0.364	182	44	-10	46	5
0.366	183	43	-12	46	15
0.368	184	42	-14	46	9
0.37	185	42	-13	46	11
0.372	186	41	-15	46	8
0.374	187	40	-17	46	10
0.376	188	40	-16	46	8
0.378	189	39	-18	46	14
0.38	190	38	-20	46	9
0.382	191	38	-19	46	14
0.384	192	37	-21	46	19
0.386	193	36	-23	46	19
0.388	194	35	-25	46	18
0.39	195	34	-27	46	20
0.392	196	33	-29	46	15
0.394	197	32	-31	46	18
0.396	198	31	-33	46	17
0.398	199	30	-35	46	16
0.4	200	29	-34	45	17
0.402	201	28	-36	45	20
0.404	202	27	-38	45	19
0.406	203	26	-40	45	22
0.408	204	25	-42	45	20
0.41	205	24	-44	45	16
0.412	206	23	-46	45	18
0.414	207	22	-48	45	17
0.416	208	20	-50	44	15
0.418	209	19	-52	44	16
0.42	210	18	-54	44	18
0.422	211	17	-56	44	19
0.424	212	16	-55	43	22
0.426	213	14	-60	43	21
0.428	214	13	-62	43	19
0.43	215	12	-61	42	20
0.432	216	10	-66	42	21
0.434	217	9	-68	42	20
0.436	218	8	-67	41	21
0.438	219	6	-72	41	21
0.44	220	5	-71	40	24
0.442	221	4	-73	40	29
0.444	222	2	-75	39	29
0.446	223	1	-77	39	27
0.448	224	0	-76	38	27
0.45	225	-1	-75	37	27
0.452	226	-2	-77	37	23
0.454	227	-4	-79	36	28
0.456	228	-5	-78	35	22
0.458	229	-7	-83	35	25
0.46	230	-8	-82	34	29
0.462	231	-10	-84	33	27
0.464	232	-11	-83	32	29
0.466	233	-12	-83	31	27
0.468	234	-14	-88	31	26
0.47	235	-15	-87	30	27
0.472	236	-17	-90	29	26
0.474	237	-18	-89	28	26
0.476	238	-19	-89	27	22
0.478	239	-21	-92	26	30
0.48	240	-22	-91	25	25
0.482	241	-23	-91	24	33
0.484	242	-25	-94	23	27
0.486	243	-26	-93	22	30
0.488	244	-27	-93	21	28
0.49	245	-29	-96	20	33
0.492	246	-30	-95	19	27
0.494	247	-31	-95	18	27
0.496	248	-32	-95	17	29
0.498	249	-33	-95	16	31
0.5	250	-34	-95	15	31
0.502	251	-36	-95	13	35
0.504	252	-37	-95	12	27
0.506	253	-38	-95	11	37
0.508	254	-39	-95	10	27
0.51	255	-40	-95	9	31
0.512	256	-40	-92	8	26
0.514	257	-41	-89	6	29
0.516	258	-42	-89	5	28
0.518	259	-43	-89	4	28
0.52	260	-44	-89	3	32
0.522	261	-44	-83	1	30
0.524	262	-45	-83	0	29
0.526	263	-46	-83	-1	27
0.528	264	-46	-80	-2	27
0.53	265	-47	-80	-3	28
0.532	266	-47	-77	-4	23
0.534	267	-48	-74	-6	27
0.536	268	-48	-71	-7	27
0.538	269	-48	-68	-8	27
0.54	270	-49	-68	-9	28
0.542	271	-49	-65	-10	24
0.544	272	-49	-62	-11	29
0.546	273	-49	-59	-12	21
0.548	274	-49	-56	-13	28
0.55	275	-49	-53	-14	21
0.552	276	-49	-50	-15	22
0.554	277	-49	-47	-16	19
0.556	278	-48	-41	-17	22
0.558	279	-48	-38	-18	21
0.56	280	-48	-35	-19	20
0.562	281	-47	-29	-20	18
0.564	282	-47	-29	-20	17
0.566	283	-46	-23	-21	16
0.568	284	-46	-21	-22	15
0.57	285	-45	-16	-23	11
0.572	286	-44	-14	-23	12
0.574	287	-44	-12	-24	6
0.576	288	-43	-10	-24	12
0.578	289	-42	-5	-25	9
0.58	290	-41	-3	-25	8
0.582	291	-40	1	-26	6
0.584	292	-39	2	-26	5
0.586	293	-38	3	-26	4
0.588	294	-37	7	-27	0
0.59	295	-35	11	-27	-1
0.592	296	-34	12	-27	-5
0.594	297	-33	16	-28	-3
0.596	298	-31	20	-28	-1
0.598	299	-30	21	-28	-6
0.6	300	-28	28	-29	-5
0.602	301	-27	29	-29	-26
0.604	302	-25	33	-29	-21
0.606	303	-23	37	-29	-10
0.608	304	-22	38	-29	-8
0.61	305	-20	43	-29	-11
0.612	306	-18	47	-29	-11
0.614	307	-17	48	-29	-19
0.616	308	-15	52	-29	-14
0.618	309	-13	56	-29	-13
0.62	310	-11	60	-29	-32
0.622	311	-9	64	-29	-26
0.624	312	-7	68	-29	-28
0.626	313	-5	72	-29	-26
0.628	314	-3	73	-28	-25
0.63	315	-1	78	-28	-27
0.632	316	0	79	-28	-36
0.634	317	2	84	-28	-28
0.636	318	4	85	-27	-36
0.638	319	6	89	-27	-43
0.64	320	8	93	-27	-45
0.642	321	10	95	-26	-49
0.644	322	12	99	-26	-47
0.646	323	14	103	-26	-42
0.648	324	16	104	-25	-50
0.65	325	17	106	-25	-50
0.652	326	19	108	-24	-48
0.654	327	21	113	-24	-52
0.656	328	23	114	-23	-50
0.658	329	25	119	-23	-55
0.66	330	27	120	-22	-58
0.662	331	28	122	-22	-62
0.664	332	30	124	-21	-57
0.666	333	32	128	-21	-56
0.668	334	33	127	-20	-56
0.67	335	35	132	-20	-56
0.672	336	36	131	-19	-54
0.674	337	38	133	-18	-52
0.676	338	39	135	-18	-54
0.678	339	40	134	-17	-56
0.68	340	42	136	-16	-61
0.682	341	43	138	-16	-62
0.684	342	44	137	-15	-61
0.686	343	45	136	-14	-60
0.688	344	46	138	-14	-58
0.69	345	47	137	-13	-62
0.692	346	47	133	-12	-59
0.694	347	48	132	-11	-59
0.696	348	49	134	-11	-57
0.698	349	49	130	-10	-64
0.7	350	49	126	-9	-66
0.702	351	50	125	-8	-65
0.704	352	50	121	-7	-61
0.706	353	50	120	-7	-65
0.708	354	50	116	-6	-63
0.71	355	50	112	-5	-67
0.712	356	50	108	-4	-62
0.714	357	49	101	-3	-60
0.716	358	49	101	-3	-60
0.718	359	48	95	-2	-64
0.72	360	48	92	-1	-64
0.722	361	47	89	-1	-63
0.724	362	46	83	0	-60
0.726	363	45	80	0	-59
0.728	364	44	74	1	-59
0.73	365	43	71	1	-59
0.732	366	42	65	2	-55
0.734	367	41	62	2	-50
0.736	368	40	59	2	-50
0.738	369	38	53	2	-46
0.74	370	37	47	3	-48
0.742	371	35	41	3	-45
0.744	372	33	35	3	-42
0.746	373	31	29	3	-41
0.748	374	30	27	3	-39
0.75	375	28	22	3	-35
0.752	376	26	17	3	-30
0.754	377	24	12	3	-29
0.756	378	21	4	3	-26
0.758	379	19	0	3	-23
0.76	380	17	-4	3	-20
0.762	381	15	-8	3	-15
0.764	382	12	-12	2	-16
0.766	383	10	-16	2	-13
0.768	384	8	-20	2	-12
0.77	385	5	-24	1	-9
0.772	386	3	-28	1	-5
0.774	387	0	-35	1	-5
0.776	388	-1	-33	0	-5
0.778	389	-3	-37	0	-2
0.78	390	-6	-41	-1	0
0.782	391	-8	-45	-1	1
0.784	392	-11	-52	-1	2
0.786	393	-13	-56	-1	3
0.788	394	-15	-57	-2	6
0.79	395	-18	-64	-2	6
0.792	396	-20	-65	-3	0
0.794	397	-22	-69	-3	38
0.796	398	-24	-70	-4	17
0.798	399	-27	-74	-5	22
0.8	400	-29	-75	-6	18
0.802	401	-31	-79	-6	17
0.804	402	-32	-77	-7	20
0.806	403	-34	-78	-8	31
0.808	404	-36	-82	-8	29
0.81	405	-38	-86	-8	33
0.812	406	-39	-84	-9	50
0.814	407	-41	-85	-10	43
0.816	408	-42	-87	-10	48
0.818	409	-43	-86	-11	49
0.82	410	-44	-85	-12	49
0.822	411	-45	-87	-12	55
0.824	412	-46	-86	-13	53
0.826	413	-47	-88	-13	50
0.828	414	-48	-90	-13	54
0.83	415	-48	-86	-14	68
0.832	416	-49	-88	-14	65
0.834	417	-49	-87	-14	74
0.836	418	-49	-86	-14	77
0.838	419	-49	-82	-15	78
0.84	420	-49	-81	-15	81
0.842	421	-48	-77	-15	86
0.844	422	-48	-76	-15	74
0.846	423	-47	-69	-16	69
0.848	424	-47	-68	-16	70
0.85	425	-46	-64	-16	68
0.852	426	-45	-60	-16	74
0.854	427	-44	-56	-16	76
0.856	428	-42	-49	-16	77
0.858	429	-41	-46	-16	82
0.86	430	-39	-40	-16	85
0.862	431	-38	-37	-16	86
0.864	432	-36	-34	-15	82
0.866	433	-34	-28	-15	78
0.868	434	-32	-22	-15	78
0.87	435	-30	-19	-14	76
0.872	436	-28	-13	-14	78
0.874	437	-26	-10	-13	77
0.876	438	-23	-4	-12	79
0.878	439	-21	1	-12	86
0.88	440	-18	6	-11	87
0.882	441	-16	8	-10	87
0.884	442	-13	13	-9	83
0.886	443	-10	18	-8	81
0.888	444	-8	20	-7	82
0.89	445	-5	25	-6	75
0.892	446	-2	27	-4	72
0.894	447	0	29	-3	67
0.896	448	3	34	-2	67
0.898	449	5	33	0	72
0.9	450	8	35	2	68
0.902	451	11	40	3	65
0.904	452	14	42	5	64
0.906	453	16	41	7	61
0.908	454	19	46	8	51
0.91	455	22	48	10	42
0.912	456	24	47	12	36
0.914	457	27	49	14	25
0.916	458	29	48	16	31
0.918	459	31	47	18	25
0.92	460	34	49	20	24
0.922	461	36	45	23	20
0.924	462	38	44	25	17
0.926	463	39	40	27	13
0.928	464	41	39	29	10
0.93	465	43	38	31	0
0.932	466	44	34	33	0
0.934	467	46	33	35	-1
0.936	468	47	29	37	-2
0.938	469	48	25	39	-2
0.94	470	48	18	41	7
0.942	471	49	17	42	0
0.944	472	50	13	44	-5
0.946	473	50	9	45	-4
0.948	474	50	3	47	-11
0.95	475	50	0	48	-11
0.952	476	50	-2	49	-16
0.954	477	49	-7	50	-9
0.956	478	49	-9	51	-38
0.958	479	48	-14	52	-25
0.96	480	47	-19	53	-21
0.962	481	46	-21	53	-19
0.964	482	45	-26	54	-22
0.966	483	43	-31	54	-31
0.968	484	42	-33	54	-41
0.97	485	40	-41	55	-35
0.972	486	38	-46	55	-40
0.974	487	36	-51	55	-54
0.976	488	34	-53	54	-49
0.978	489	31	-61	54	-53
0.98	490	29	-63	53	-43
0.982	491	26	-71	53	-40
0.984	492	24	-73	52	-46
0.986	493	21	-78	51	-51
0.988	494	18	-83	50	-40
0.99	495	15	-88	49	-48
0.992	496	12	-90	47	-45
0.994	497	9	-95	46	-50
0.996	498	6	-97	44	-45
0.998	499	3	-99	42	-36
1	500	0	-104	41	-25
1.002	501	-3	-106	39	-51
1.004	502	-6	-108	37	-32
1.006	503	-9	-107	34	-25
1.008	504	-12	-109	32	-26
1.01	505	-15	-111	30	-21
1.012	506	-18	-110	27	-31
1.014	507	-21	-112	25	-32
1.016	508	-24	-111	22	-23
1.018	509	-26	-107	19	-19
1.02	510	-29	-109	17	-9
1.022	511	-31	-105	14	-17
1.024	512	-34	-104	11	-24
1.026	513	-36	-100	8	-10
1.028	514	-38	-96	5	-8
1.03	515	-40	-92	2	-16
1.032	516	-42	-88	-1	-12
1.034	517	-43	-84	-3	-14
1.036	518	-45	-80	-6	-11
1.038	519	-46	-73	-9	10
1.04	520	-47	-67	-12	6
1.042	521	-48	-64	-14	1
1.044	522	-48	-55	-17	12
1.046	523	-49	-52	-19	10
1.048	524	-49	-43	-22	18
1.05	525	-49	-37	-24	9
1.052	526	-49	-31	-26	9
1.054	527	-48	-22	-28	30
1.056	528	-47	-13	-30	41
1.058	529	-47	-7	-32	35
1.06	530	-45	4	-34	28
1.062	531	-44	11	-36	29
1.064	532	-43	15	-37	23
1.066	533	-41	25	-39	37
1.068	534	-39	32	-40	27
1.07	535	-37	39	-41	22
1.072	536	-34	49	-42	30
1.074	537	-32	53	-42	41
1.076	538	-29	63	-43	41
1.078	539	-27	67	-43	39
1.08	540	-24	77	-44	27
1.082	541	-21	84	-44	24
1.084	542	-18	91	-44	28
1.086	543	-14	101	-44	22
1.088	544	-11	105	-43	13
1.09	545	-8	112	-43	18
1.092	546	-4	119	-42	18
1.094	547	-1	123	-41	25
1.096	548	1	124	-40	19
1.098	549	5	131	-39	11
1.1	550	8	132	-37	11
1.102	551	12	139	-36	10
1.104	552	15	143	-35	7
1.106	553	18	144	-33	-2
1.108	554	21	145	-31	2
1.11	555	25	149	-29	2
1.112	556	28	150	-27	-10
1.114	557	30	148	-25	-4
1.116	558	33	146	-22	-5
1.118	559	36	147	-20	-3
1.12	560	38	145	-18	-1
1.122	561	40	140	-15	-7
1.124	562	42	138	-13	-21
1.126	563	44	133	-10	-17
1.128	564	46	128	-7	-18
1.13	565	47	124	-5	-28
1.132	566	48	117	-2	-22
1.134	567	49	113	0	-37
1.136	568	50	106	3	-25
1.138	569	50	99	5	-39
1.14	570	50	92	7	-38
1.142	571	50	85	9	-51
1.144	572	49	75	11	-45
1.146	573	49	66	14	-58
1.148	574	48	60	15	-59
1.15	575	47	51	17	-56
1.152	576	45	39	19	-69
1.154	577	44	33	20	-60
1.156	578	42	21	22	-67
1.158	579	40	12	23	-63
1.16	580	37	0	24	-69
1.162	581	35	-7	25	-72
1.164	582	32	-14	25	-74
1.166	583	29	-24	26	-73
1.168	584	26	-31	26	-73
1.17	585	23	-38	26	-77
1.172	586	20	-45	26	-72
1.174	587	16	-52	25	-73
1.176	588	13	-59	25	-63
1.178	589	9	-66	24	-66
1.18	590	5	-76	24	-66
1.182	591	2	-80	23	-66
1.184	592	-1	-84	22	-56
1.186	593	-5	-91	21	-57
1.188	594	-8	-92	19	-55
1.19	595	-12	-99	18	-48
1.192	596	-16	-103	16	-47
1.194	597	-19	-104	14	-38
1.196	598	-22	-105	12	-32
1.198	599	-26	-109	10	-33
1.2	600	-29	-110	8	-23
1.202	601	-32	-111	6	-21
1.204	602	-35	-109	3	-21
1.206	603	-37	-107	1	-14
1.208	604	-39	-102	-2	-9
1.21	605	-42	-103	-4	-10
1.212	606	-43	-95	-7	-9
1.214	607	-45	-94	-9	7
1.216	608	-46	-87	-12	2
1.218	609	-47	-80	-15	2
1.22	610	-48	-76	-17	9
1.222	611	-49	-69	-20	8
1.224	612	-49	-62	-22	12
1.226	613	-49	-55	-24	13
1.228	614	-49	-48	-26	13
1.23	615	-48	-35	-29	17
1.232	616	-47	-26	-31	49
1.234	617	-46	-17	-33	31
1.236	618	-44	-5	-35	35
1.238	619	-42	6	-37	30
1.24	620	-40	14	-38	25
1.242	621	-38	22	-39	40
1.244	622	-35	36	-41	45
1.246	623	-32	46	-42	40
1.248	624	-29	53	-42	54
1.25	625	-26	63	-43	62
1.252	626	-23	70	-43	69
1.254	627	-19	80	-43	65
1.256	628	-16	87	-43	70
1.258	629	-12	94	-42	56
1.26	630	-8	104	-42	68
1.262	631	-4	111	-41	67
1.264	632	0	118	-40	63
1.266	633	3	122	-39	67
1.268	634	7	126	-37	74
1.27	635	11	133	-36	78
1.272	636	15	137	-34	71
1.274	637	18	138	-32	67
1.276	638	22	142	-30	59
1.278	639	26	146	-28	60
1.28	640	29	144	-25	53
1.282	641	32	142	-22	37
1.284	642	35	143	-20	39
1.286	643	38	141	-17	35
1.288	644	40	136	-14	39
1.29	645	43	134	-11	36
1.292	646	45	126	-7	27
1.294	647	46	119	-4	19
1.296	648	48	115	-1	12
1.298	649	49	105	3	11
1.3	650	49	95	6	-1
1.302	651	50	85	10	-7
1.304	652	50	75	13	-7
1.306	653	50	65	16	-8
1.308	654	49	50	20	1
1.31	655	48	38	23	1
1.312	656	47	26	26	-3
1.314	657	45	11	29	-11
1.316	658	44	2	31	-10
1.318	659	41	-14	34	-19
1.32	660	39	-24	36	-21
1.322	661	36	-37	38	-20
1.324	662	33	-50	40	-17
1.326	663	30	-63	42	-13
1.328	664	26	-76	43	-43
1.33	665	23	-89	45	-25
1.332	666	19	-102	46	-28
1.334	667	15	-111	46	-20
1.336	668	11	-123	47	-28
1.338	669	7	-132	47	-36
1.34	670	3	-141	47	-51
1.342	671	0	-144	46	-33
1.344	672	-5	-156	46	-35
1.346	673	-9	-162	45	-46
1.348	674	-13	-168	44	-40
1.35	675	-17	-174	43	-39
1.352	676	-21	-177	41	-36
1.354	677	-25	-183	40	-22
1.356	678	-28	-183	38	-39
1.358	679	-32	-186	36	-32
1.36	680	-35	-186	34	-25
1.362	681	-38	-183	31	-15
1.364	682	-40	-178	28	-9
1.366	683	-42	-176	26	-9
1.368	684	-44	-171	23	4
1.37	685	-46	-166	20	5
1.372	686	-47	-158	17	23
1.374	687	-48	-150	14	12
1.376	688	-49	-139	10	18
1.378	689	-49	-129	7	27
1.38	690	-49	-119	4	35
1.382	691	-48	-106	1	43
1.384	692	-47	-93	-2	44
1.386	693	-46	-80	-5	42
1.388	694	-44	-65	-8	45
1.39	695	-42	-50	-11	60
1.392	696	-40	-35	-14	47
1.394	697	-37	-20	-16	44
1.396	698	-34	-2	-19	53
1.398	699	-31	11	-21	51
1.4	700	-28	24	-23	58
1.402	701	-24	40	-25	63
1.404	702	-20	53	-26	53
1.406	703	-16	66	-27	64
1.408	704	-12	79	-28	62
1.41	705	-8	92	-29	71
1.412	706	-3	104	-29	64
1.414	707	0	110	-29	65
1.416	708	5	122	-29	60
1.418	709	9	131	-29	73
1.42	710	14	140	-28	72
1.422	711	18	146	-27	71
1.424	712	22	152	-26	70
1.426	713	26	155	-24	73
1.428	714	30	158	-22	70
1.43	715	33	158	-20	71
1.432	716	36	158	-18	58
1.434	717	39	158	-16	52
1.436	718	42	156	-13	49
1.438	719	44	154	-11	45
1.44	720	46	149	-8	36
1.442	721	48	144	-5	23
1.444	722	49	136	-2	19
1.446	723	50	128	1	15
1.448	724	50	114	5	7
1.45	725	50	104	8	-8
1.452	726	49	91	11	-15
1.454	727	49	81	14	-27
1.456	728	47	62	18	-27
1.458	729	46	49	21	-28
1.46	730	44	34	24	-35
1.462	731	41	19	26	-43
1.464	732	38	1	29	-33
1.466	733	35	-13	31	-35
1.468	734	32	-30	34	-29
1.47	735	28	-46	36	-59
1.472	736	24	-62	38	-55
1.474	737	20	-78	40	-38
1.476	738	16	-91	41	-27
1.478	739	11	-107	42	-41
1.48	740	7	-120	43	-35
1.482	741	2	-132	43	-44
1.484	742	-2	-141	43	-32
1.486	743	-6	-150	43	-32
1.488	744	-11	-159	42	-50
1.49	745	-15	-165	41	-60
1.492	746	-20	-174	40	-57
1.494	747	-24	-180	39	-51
1.496	748	-28	-183	37	-53
1.498	749	-32	-186	35	-53
1.5	750	-35	-186	33	-61
1.502	751	-38	-183	30	-53
1.504	752	-41	-184	28	-46
1.506	753	-43	-179	25	-55
1.508	754	-45	-174	22	-59
1.51	755	-47	-169	19	-62
1.512	756	-48	-158	15	-56
1.514	757	-49	-150	12	-34
1.516	758	-49	-136	8	-32
1.518	759	-49	-126	5	-27
1.52	760	-48	-110	1	-16
1.522	761	-47	-97	-2	4
1.524	762	-46	-81	-6	8
1.526	763	-44	-65	-9	15
1.528	764	-41	-44	-13	7
1.53	765	-38	-26	-16	26
1.532	766	-35	-8	-19	41
1.534	767	-32	8	-22	46
1.536	768	-28	27	-25	52
1.538	769	-24	46	-28	49
1.54	770	-20	62	-30	66
1.542	771	-15	81	-32	64
1.544	772	-11	97	-34	61
1.546	773	-6	112	-35	52
1.548	774	-1	127	-36	51
1.55	775	3	139	-37	50
1.552	776	8	154	-38	56
1.554	777	13	166	-38	58
1.556	778	17	175	-38	37
1.558	779	22	187	-38	39
1.56	780	26	193	-37	33
1.562	781	30	199	-36	31
1.564	782	34	200	-35	25
1.566	783	37	200	-33	14
1.568	784	40	200	-31	11
1.57	785	43	200	-29	21
1.572	786	45	197	-27	22
1.574	787	47	191	-24	12
1.576	788	49	185	-21	14
1.578	789	50	180	-19	12
1.58	790	50	169	-16	11
1.582	791	50	158	-13	12
1.584	792	49	144	-10	1
1.586	793	48	127	-6	1
1.588	794	47	114	-3	-18
1.59	795	45	98	0	-16
1.592	796	42	76	4	5
1.594	797	39	58	7	-7
1.596	798	36	40	10	-12
1.598	799	33	22	13	-6
1.6	800	29	4	15	-29
1.602	801	24	-18	18	-31
1.604	802	20	-34	20	-33
1.606	803	15	-53	22	-62
1.608	804	10	-72	24	-56
1.61	805	5	-88	25	-57
1.612	806	0	-103	26	-63
1.614	807	-4	-115	27	-62
1.616	808	-9	-127	27	-64
1.618	809	-14	-139	27	-78
1.62	810	-19	-151	27	-66
1.622	811	-23	-157	26	-88
1.624	812	-28	-169	26	-94
1.626	813	-32	-175	25	-89
1.628	814	-35	-175	23	-87
1.63	815	-39	-181	22	-77
1.632	816	-42	-181	20	-68
1.634	817	-44	-178	18	-69
1.636	818	-46	-175	16	-57
1.638	819	-48	-169	13	-42
1.64	820	-48	-158	10	-41
1.642	821	-49	-153	8	-39
1.644	822	-49	-142	5	-26
1.646	823	-48	-128	2	-21
1.648	824	-47	-111	-2	-5
1.65	825	-46	-98	-5	17
1.652	826	-43	-79	-8	23
1.654	827	-41	-63	-11	29
1.656	828	-38	-41	-15	44
1.658	829	-34	-20	-18	37
1.66	830	-30	0	-21	45
1.662	831	-26	20	-24	44
1.664	832	-22	36	-26	34
1.666	833	-17	58	-29	42
1.668	834	-12	77	-31	45
1.67	835	-7	96	-33	35
1.672	836	-1	115	-34	51
1.674	837	3	127	-35	39
1.676	838	8	142	-36	36
1.678	839	13	157	-37	42
1.68	840	18	169	-37	53
1.682	841	23	181	-37	23
1.684	842	28	190	-36	30
1.686	843	32	199	-36	21
1.688	844	36	200	-35	21
1.69	845	39	200	-33	34
1.692	846	42	200	-32	39
1.694	847	45	200	-30	33
1.696	848	47	194	-27	49
1.698	849	49	192	-25	48
1.7	850	50	184	-22	35
1.702	851	50	176	-20	40
1.704	852	50	165	-17	34
1.706	853	49	151	-14	29
1.708	854	48	134	-10	34
1.71	855	46	118	-7	29
1.712	856	44	102	-4	26
1.714	857	41	83	-1	18
1.716	858	37	62	2	14
1.718	859	34	41	6	16
1.72	860	29	17	9	-20
1.722	861	25	-2	12	-19
1.724	862	20	-21	14	-29
1.726	863	15	-43	17	-21
1.728	864	10	-62	19	-37
1.73	865	4	-84	21	-39
1.732	866	0	-99	23	-62
1.734	867	-5	-117	25	-40
1.736	868	-11	-135	26	-54
1.738	869	-16	-150	27	-63
1.74	870	-21	-165	28	-70
1.742	871	-26	-177	28	-71
1.744	872	-30	-186	28	-69
1.746	873	-34	-195	28	-53
1.748	874	-38	-200	27	-64
1.75	875	-41	-200	26	-55
1.752	876	-44	-200	25	-46
1.754	877	-46	-197	23	-37
1.756	878	-48	-194	21	-36
1.758	879	-49	-188	19	-30
1.76	880	-49	-179	17	-33
1.762	881	-49	-168	14	-17
1.764	882	-48	-154	11	-5
1.766	883	-46	-140	9	6
1.768	884	-44	-123	6	17
1.77	885	-42	-107	3	20
1.772	886	-39	-88	0	32
1.774	887	-35	-66	-3	39
1.776	888	-31	-45	-6	38
1.778	889	-27	-24	-9	33
1.78	890	-22	-3	-11	52
1.782	891	-17	20	-14	48
1.784	892	-11	42	-16	45
1.786	893	-6	64	-19	45
1.788	894	0	86	-21	37
1.79	895	4	99	-22	44
1.792	896	10	120	-24	52
1.794	897	15	135	-25	44
1.796	898	21	150	-25	41
1.798	899	26	162	-25	43
1.8	900	30	171	-25	44
1.802	901	35	183	-25	53
1.804	902	39	189	-24	50
1.806	903	42	192	-23	44
1.808	904	45	192	-21	48
1.81	905	47	192	-20	61
1.812	906	49	189	-18	52
1.814	907	50	180	-15	60
1.816	908	50	171	-13	48
1.818	909	50	160	-10	53
1.82	910	49	146	-7	52
1.822	911	47	129	-4	48
1.824	912	45	112	-1	35
1.826	913	42	93	2	34
1.828	914	39	74	5	31
1.83	915	35	52	8	22
1.832	916	31	31	11	10
1.834	917	26	7	14	-4
1.836	918	21	-16	17	-17
1.838	919	16	-35	19	-11
1.84	920	10	-60	22	-27
1.842	921	4	-82	24	-39
1.844	922	-1	-101	26	-45
1.846	923	-6	-119	28	-50
1.848	924	-12	-137	29	-51
1.85	925	-18	-158	31	-54
1.852	926	-23	-170	31	-60
1.854	927	-28	-185	32	-65
1.856	928	-32	-194	32	-57
1.858	929	-36	-200	32	-59
1.86	930	-40	-200	32	-57
1.862	931	-43	-200	31	-52
1.864	932	-46	-200	30	-49
1.866	933	-47	-194	28	-38
1.868	934	-49	-192	26	-29
1.87	935	-49	-184	24	-29
1.872	936	-49	-176	22	-20
1.874	937	-48	-165	20	-11
1.876	938	-46	-148	17	1
1.878	939	-44	-132	14	6
1.88	940	-41	-116	12	16
1.882	941	-38	-97	9	20
1.884	942	-34	-75	6	27
1.886	943	-29	-51	3	36
1.888	944	-24	-27	0	32
1.89	945	-19	-3	-3	36
1.892	946	-13	19	-5	36
1.894	947	-8	41	-8	42
1.896	948	-2	63	-10	41
1.898	949	3	81	-12	39
1.9	950	9	102	-14	39
1.902	951	15	120	-15	43
1.904	952	21	138	-16	39
1.906	953	26	153	-17	44
1.908	954	31	165	-17	37
1.91	955	35	174	-17	38
1.912	956	39	183	-17	41
1.914	957	43	189	-16	42
1.916	958	46	192	-15	40
1.918	959	48	192	-14	43
1.92	960	49	186	-12	44
1.922	961	50	180	-10	45
1.924	962	50	171	-8	45
1.926	963	49	159	-6	41
1.928	964	48	148	-4	35
1.93	965	46	131	-1	34
1.932	966	43	114	1	29
1.934	967	39	91	4	26
1.936	968	35	69	7	16
1.938	969	31	50	9	14
1.94	970	26	25	12	3
1.942	971	20	-1	15	-4
1.944	972	15	-21	17	-16
1.946	973	9	-44	19	-35
1.948	974	3	-69	22	-34
1.95	975	-2	-85	23	-36
1.952	976	-9	-110	25	-39
1.954	977	-14	-126	26	-48
1.956	978	-20	-147	28	-48
1.958	979	-26	-162	28	-57
1.96	980	-31	-177	29	-56
1.962	981	-35	-186	29	-63
1.964	982	-39	-195	29	-64
1.966	983	-42	-198	28	-65
1.968	984	-45	-200	28	-61
1.97	985	-47	-197	26	-60
1.972	986	-48	-194	25	-52
1.974	987	-49	-188	23	-49
1.976	988	-49	-180	21	-40
1.978	989	-48	-169	19	-33
1.98	990	-46	-152	16	-27
1.982	991	-43	-132	13	-23
1.984	992	-40	-116	11	-15
1.986	993	-36	-94	8	-10
1.988	994	-32	-72	5	3
1.99	995	-27	-48	2	14
1.992	996	-22	-24	-1	24
1.994	997	-16	2	-4	30
1.996	998	-10	24	-6	35
1.998	999	-4	49	-9	44
2	1000	2	71	-11	49
2.002	1001	8	93	-13	40
2.004	1002	14	114	-15	50
2.006	1003	20	132	-16	44
2.008	1004	26	150	-17	45
2.01	1005	31	165	-18	50
2.012	1006	35	177	-19	48
2.014	1007	40	189	-19	46
2.016	1008	43	195	-19	48
2.018	1009	46	200	-19	41
2.02	1010	48	200	-18	35
2.022	1011	49	197	-17	33
2.024	1012	50	191	-15	26
2.026	1013	50	182	-13	27
2.028	1014	49	170	-11	27
2.03	1015	47	156	-9	19
2.032	1016	44	139	-7	19
2.034	1017	41	119	-4	12
2.036	1018	37	99	-2	4
2.038	1019	32	74	1	4
2.04	1020	27	49	4	-1
2.042	1021	21	25	6	-13
2.044	1022	15	-1	9	-13
2.046	1023	9	-24	11	-20
2.048	1024	3	-47	13	-24
2.05	1025	-3	-69	15	-24
2.052	1026	-9	-91	17	-33
2.054	1027	-15	-113	19	-36
2.056	1028	-21	-132	20	-35
2.058	1029	-27	-150	21	-45
2.06	1030	-32	-162	21	-50
2.062	1031	-36	-174	22	-47
2.064	1032	-40	-183	22	-54
2.066	1033	-44	-192	22	-57
2.068	1034	-46	-192	21	-52
2.07	1035	-48	-192	20	-59
2.072	1036	-49	-189	19	-52
2.074	1037	-49	-180	17	-52
2.076	1038	-48	-169	15	-49
2.078	1039	-46	-155	13	-46
2.08	1040	-44	-141	11	-39
2.082	1041	-41	-121	8	-38
2.084	1042	-37	-102	6	-29
2.086	1043	-32	-77	3	-21
2.088	1044	-27	-55	1	-12
2.09	1045	-21	-28	-2	3
2.092	1046	-15	-1	-5	10
2.094	1047	-9	22	-7	19
2.096	1048	-3	44	-9	32
2.098	1049	3	69	-12	34
2.1	1050	10	94	-14	42
2.102	1051	16	113	-15	49
2.104	1052	22	134	-17	51
2.106	1053	28	152	-18	55
2.108	1054	33	167	-19	65
2.11	1055	38	179	-19	61
2.112	1056	42	188	-19	63
2.114	1057	45	194	-19	60
2.116	1058	47	194	-18	55
2.118	1059	49	194	-17	52
2.12	1060	50	191	-16	44
2.122	1061	50	185	-15	36
2.124	1062	49	173	-13	35
2.126	1063	47	159	-11	26
2.128	1064	44	142	-9	19
2.13	1065	41	125	-7	14
2.132	1066	37	102	-4	2
2.134	1067	32	80	-2	-4
2.136	1068	26	52	1	-9
2.138	1069	20	25	4	-17
2.14	1070	14	1	6	-25
2.142	1071	7	-28	9	-28
2.144	1072	1	-50	11	-32
2.146	1073	-5	-72	13	-31
2.148	1074	-12	-97	15	-33
2.15	1075	-18	-116	16	-38
2.152	1076	-24	-134	17	-37
2.154	1077	-30	-152	18	-43
2.156	1078	-35	-167	19	-43
2.158	1079	-39	-176	19	-45
2.16	1080	-43	-185	19	-44
2.162	1081	-46	-191	19	-46
2.164	1082	-48	-191	18	-43
2.166	1083	-49	-188	17	-38
2.168	1084	-49	-182	16	-35
2.17	1085	-48	-173	15	-34
2.172	1086	-47	-162	13	-25
2.174	1087	-44	-145	11	-25
2.176	1088	-41	-128	9	-17
2.178	1089	-36	-105	7	-14
2.18	1090	-32	-83	4	-11
2.182	1091	-26	-58	2	0
2.184	1092	-20	-31	-1	5
2.186	1093	-14	-7	-3	8
2.188	1094	-7	22	-6	16
2.19	1095	0	47	-8	19
2.192	1096	6	69	-10	26
2.194	1097	12	88	-11	29
2.196	1098	19	113	-13	39
2.198	1099	25	131	-14	38
2.2	1100	31	149	-15	50
2.202	1101	36	164	-16	50
2.204	1102	40	176	-17	54
2.206	1103	44	185	-17	53
2.208	1104	47	191	-17	55
2.21	1105	49	191	-16	54
2.212	1106	50	188	-15	56
2.214	1107	50	182	-14	39
2.216	1108	49	173	-13	41
2.218	1109	47	159	-11	51
2.22	1110	44	142	-9	45
2.222	1111	41	125	-7	41
2.224	1112	36	99	-4	31
2.226	1113	31	77	-2	19
2.228	1114	25	49	1	16
2.23	1115	19	25	3	6
2.232	1116	12	-4	6	-9
2.234	1117	5	-30	8	-20
2.236	1118	-1	-52	10	-16
2.238	1119	-8	-77	12	-25
2.24	1120	-15	-102	14	-25
2.242	1121	-21	-124	16	-33
2.244	1122	-27	-142	17	-48
2.246	1123	-33	-160	18	-53
2.248	1124	-38	-172	18	-59
2.25	1125	-42	-184	19	-61
2.252	1126	-45	-190	19	-65
2.254	1127	-47	-193	19	-56
2.256	1128	-49	-193	18	-53
2.258	1129	-49	-187	17	-43
2.26	1130	-48	-178	16	-37
2.262	1131	-47	-166	14	-43
2.264	1132	-44	-152	13	-30
2.266	1133	-41	-135	11	-29
2.268	1134	-36	-112	9	-19
2.27	1135	-31	-87	6	-13
2.272	1136	-25	-62	4	-2
2.274	1137	-19	-37	2	13
2.276	1138	-12	-10	0	27
2.278	1139	-5	19	-3	36
2.28	1140	1	41	-5	38
2.282	1141	8	66	-7	43
2.284	1142	15	91	-9	49
2.286	1143	22	113	-10	48
2.288	1144	28	134	-12	55
2.29	1145	33	149	-13	45
2.292	1146	38	161	-13	51
2.294	1147	43	176	-14	50
2.296	1148	46	182	-14	63
2.298	1149	48	185	-14	54
2.3	1150	50	185	-13	52
2.302	1151	50	179	-12	50
2.304	1152	49	170	-11	40
2.306	1153	47	158	-10	40
2.308	1154	45	144	-8	22
2.31	1155	41	124	-6	21
2.312	1156	36	101	-4	8
2.314	1157	31	76	-1	19
2.316	1158	25	51	1	14
2.318	1159	19	27	3	10
2.32	1160	12	-2	6	-5
2.322	1161	4	-31	8	-7
2.324	1162	-2	-53	10	-14
2.326	1163	-9	-78	12	-26
2.328	1164	-16	-100	13	-39
2.33	1165	-23	-125	15	-47
2.332	1166	-29	-143	16	-41
2.334	1167	-35	-161	17	-35
2.336	1168	-39	-170	17	-37
2.338	1169	-43	-179	17	-41
2.34	1170	-46	-185	17	-42
2.342	1171	-48	-185	16	-40
2.344	1172	-49	-185	16	-43
2.346	1173	-49	-179	15	-45
2.348	1174	-47	-164	13	-52
2.35	1175	-45	-153	12	-40
2.352	1176	-42	-136	10	-33
2.354	1177	-37	-113	8	-20
2.356	1178	-32	-91	6	-12
2.358	1179	-26	-66	4	-9
2.36	1180	-20	-41	2	6
2.362	1181	-13	-14	0	7
2.364	1182	-6	12	-2	13
2.366	1183	1	38	-4	10
2.368	1184	8	63	-6	21
2.37	1185	15	88	-8	32
2.372	1186	22	113	-10	45
2.374	1187	29	134	-11	55
2.376	1188	34	149	-12	52
2.378	1189	39	161	-12	51
2.38	1190	44	176	-13	50
2.382	1191	47	182	-13	55
2.384	1192	49	185	-13	55
2.386	1193	50	182	-12	51
2.388	1194	50	176	-11	52
2.39	1195	49	167	-10	50
2.392	1196	46	153	-9	52
2.394	1197	43	136	-7	46
2.396	1198	39	116	-5	34
2.398	1199	33	90	-3	22
2.4	1200	28	68	-1	12
2.402	1201	21	40	1	2
2.404	1202	14	13	3	-9
2.406	1203	6	-16	5	-15
2.408	1204	0	-39	7	-20
2.41	1205	-8	-67	9	-24
2.412	1206	-15	-92	11	-33
2.414	1207	-22	-117	13	-34
2.416	1208	-28	-135	14	-44
2.418	1209	-34	-153	15	-45
2.42	1210	-39	-165	15	-48
2.422	1211	-43	-177	16	-65
2.424	1212	-46	-183	16	-61
2.426	1213	-48	-186	16	-66
2.428	1214	-49	-183	15	-54
2.43	1215	-49	-177	14	-47
2.432	1216	-47	-165	13	-43
2.434	1217	-44	-148	11	-39
2.436	1218	-41	-134	10	-30
2.438	1219	-36	-111	8	-20
2.44	1220	-31	-89	6	-23
2.442	1221	-24	-61	4	-15
2.444	1222	-17	-33	2	-12
2.446	1223	-10	-3	-1	3
2.448	1224	-2	26	-3	25
2.45	1225	4	48	-5	29
2.452	1226	12	76	-7	35
2.454	1227	19	101	-9	48
2.456	1228	26	123	-10	45
2.458	1229	32	141	-11	41
2.46	1230	38	159	-12	54
2.462	1231	42	168	-12	48
2.464	1232	46	180	-13	59
2.466	1233	48	183	-13	66
2.468	1234	50	186	-13	57
2.47	1235	50	180	-12	53
2.472	1236	49	171	-11	59
2.474	1237	47	159	-10	38
2.476	1238	43	139	-8	33
2.478	1239	39	119	-6	25
2.48	1240	33	96	-5	7
2.482	1241	27	71	-3	15
2.484	1242	20	43	-1	6
2.486	1243	13	16	1	-8
2.488	1244	5	-13	3	-10
2.49	1245	-2	-39	5	-16
2.492	1246	-9	-64	7	-34
2.494	1247	-17	-92	9	-36
2.496	1248	-24	-117	11	-52
2.498	1249	-30	-135	12	-44
2.5	1250	-36	-150	12	-37
2.502	1251	-41	-165	13	-46
2.504	1252	-45	-174	13	-56
2.506	1253	-47	-177	13	-50
2.508	1254	-49	-177	12	-56
2.51	1255	-49	-174	12	-45
2.512	1256	-48	-165	11	-47
2.514	1257	-46	-151	9	-51
2.516	1258	-42	-134	8	-41
2.518	1259	-38	-114	6	-28
2.52	1260	-32	-89	4	-24
2.522	1261	-26	-64	2	-8
2.524	1262	-19	-36	0	-11
2.526	1263	-12	-9	-2	0
2.528	1264	-4	20	-4	15
2.53	1265	3	46	-6	22
2.532	1266	11	74	-8	20
2.534	1267	19	99	-9	32
2.536	1268	26	121	-10	40
2.538	1269	32	139	-11	49
2.54	1270	38	157	-12	38
2.542	1271	43	172	-13	60
2.544	1272	46	178	-13	54
2.546	1273	49	184	-13	68
2.548	1274	50	184	-13	63
2.55	1275	50	178	-12	55
2.552	1276	48	166	-11	44
2.554	1277	46	155	-10	54
2.556	1278	42	135	-8	35
2.558	1279	37	115	-7	33
2.56	1280	31	90	-5	15
2.562	1281	25	65	-3	16
2.564	1282	17	34	-1	9
2.566	1283	10	7	1	9
2.568	1284	2	-22	3	-22
2.57	1285	-5	-48	5	-22
2.572	1286	-13	-76	7	-39
2.574	1287	-21	-104	9	-38
2.576	1288	-28	-126	10	-53
2.578	1289	-34	-144	11	-60
2.58	1290	-39	-159	12	-45
2.582	1291	-44	-171	12	-38
2.584	1292	-47	-177	12	-44
2.586	1293	-48	-174	11	-61
2.588	1294	-49	-174	11	-63
2.59	1295	-48	-165	10	-60
2.592	1296	-46	-154	9	-51
2.594	1297	-43	-140	8	-43
2.596	1298	-38	-117	6	-52
2.598	1299	-33	-94	4	-29
2.6	1300	-26	-69	3	-10
2.602	1301	-19	-41	1	4
2.604	1302	-11	-11	-1	3
2.606	1303	-3	18	-3	7
2.608	1304	4	44	-5	13
2.61	1305	12	72	-7	37
2.612	1306	20	100	-9	41
2.614	1307	27	122	-10	35
2.616	1308	34	143	-11	47
2.618	1309	39	155	-11	48
2.62	1310	44	170	-12	71
2.622	1311	47	176	-12	75
2.624	1312	49	176	-11	63
2.626	1313	50	176	-11	61
2.628	1314	49	167	-10	64
2.63	1315	47	156	-9	51
2.632	1316	44	142	-8	45
2.634	1317	40	122	-6	35
2.636	1318	34	99	-5	21
2.638	1319	28	74	-3	30
2.64	1320	21	46	-1	24
2.642	1321	13	16	1	0
2.644	1322	5	-13	3	-5
2.646	1323	-3	-42	5	-22
2.648	1324	-11	-70	7	-32
2.65	1325	-19	-95	8	-40
2.652	1326	-26	-117	9	-40
2.654	1327	-33	-138	10	-59
2.656	1328	-38	-153	11	-42
2.658	1329	-43	-168	12	-52
2.66	1330	-46	-174	12	-62
2.662	1331	-48	-177	12	-61
2.664	1332	-49	-177	12	-61
2.666	1333	-48	-168	11	-57
2.668	1334	-46	-156	10	-45
2.67	1335	-43	-142	9	-48
2.672	1336	-38	-122	8	-44
2.674	1337	-32	-96	6	-26
2.676	1338	-25	-68	4	-10
2.678	1339	-18	-43	3	-1
2.68	1340	-10	-13	1	5
2.682	1341	-2	16	-1	10
2.684	1342	6	45	-3	25
2.686	1343	14	73	-5	41
2.688	1344	22	98	-6	43
2.69	1345	29	123	-8	48
2.692	1346	36	144	-9	62
2.694	1347	41	156	-9	63
2.696	1348	45	168	-10	41
2.698	1349	48	174	-10	74
2.7	1350	50	177	-10	53
2.702	1351	50	174	-10	67
2.704	1352	49	165	-9	67
2.706	1353	46	151	-8	52
2.708	1354	42	131	-6	41
2.71	1355	37	111	-5	52
2.712	1356	30	83	-3	21
2.714	1357	23	58	-2	17
2.716	1358	15	27	0	6
2.718	1359	7	-2	2	-8
2.72	1360	-1	-31	4	-7
2.722	1361	-9	-59	6	-12
2.724	1362	-17	-87	8	-40
2.726	1363	-25	-112	9	-28
2.728	1364	-32	-134	10	-22
2.73	1365	-38	-152	11	-47
2.732	1366	-43	-167	12	-52
2.734	1367	-46	-173	12	-67
2.736	1368	-48	-176	12	-72
2.738	1369	-49	-176	12	-56
2.74	1370	-48	-167	11	-49
2.742	1371	-46	-156	10	-64
2.744	1372	-42	-139	9	-40
2.746	1373	-37	-119	8	-27
2.748	1374	-31	-96	7	-29
2.75	1375	-24	-68	5	-11
2.752	1376	-16	-37	3	-22
2.754	1377	-8	-10	2	-14
2.756	1378	0	19	0	11
2.758	1379	8	48	-2	23
2.76	1380	17	76	-3	28
2.762	1381	24	101	-5	50
2.764	1382	32	126	-6	57
2.766	1383	38	144	-7	75
2.768	1384	43	159	-8	74
2.77	1385	47	168	-8	28
2.772	1386	49	171	-8	59
2.774	1387	50	168	-7	65
2.776	1388	49	162	-7	66
2.778	1389	47	150	-6	66
2.78	1390	44	136	-5	56
2.782	1391	39	116	-4	44
2.784	1392	33	90	-2	64
2.786	1393	26	65	-1	41
2.788	1394	18	34	1	3
2.79	1395	9	4	2	-3
2.792	1396	1	-25	4	-16
2.794	1397	-7	-54	6	-21
2.796	1398	-16	-85	8	-16
2.798	1399	-24	-110	9	-55
2.8	1400	-31	-132	10	-42
2.802	1401	-37	-150	11	-19
2.804	1402	-42	-162	11	-40
2.806	1403	-46	-174	12	-65
2.808	1404	-48	-177	12	-74
2.81	1405	-49	-177	12	-88
2.812	1406	-48	-168	11	-63
2.814	1407	-46	-156	10	-48
2.816	1408	-42	-139	9	-70
2.818	1409	-37	-119	8	-48
2.82	1410	-31	-93	6	-14
2.822	1411	-23	-65	5	-9
2.824	1412	-15	-34	3	6
2.826	1413	-7	-7	2	-17
2.828	1414	1	22	0	-9
2.83	1415	10	53	-2	18
2.832	1416	19	84	-4	43
2.834	1417	27	109	-5	37
2.836	1418	34	131	-6	57
2.838	1419	40	149	-7	77
2.84	1420	44	158	-7	63
2.842	1421	48	170	-8	83
2.844	1422	50	173	-8	70
2.846	1423	50	170	-8	62
2.848	1424	49	161	-7	68
2.85	1425	46	147	-6	68
2.852	1426	41	127	-5	43
2.854	1427	36	107	-4	47
2.856	1428	29	82	-3	40
2.858	1429	21	51	-1	27
2.86	1430	13	23	0	36
2.862	1431	4	-9	2	-14
2.864	1432	-4	-38	4	-22
2.866	1433	-13	-69	6	-35
2.868	1434	-21	-94	7	-43
2.87	1435	-29	-119	8	-55
2.872	1436	-36	-140	9	-32
2.874	1437	-41	-155	10	-58
2.876	1438	-45	-164	10	-62
2.878	1439	-48	-170	10	-52
2.88	1440	-49	-170	10	-74
2.882	1441	-48	-161	9	-79
2.884	1442	-46	-150	8	-62
2.886	1443	-42	-133	7	-78
2.888	1444	-37	-113	6	-51
2.89	1445	-31	-91	5	-30
2.892	1446	-23	-63	4	-32
2.894	1447	-15	-32	2	-12
2.896	1448	-6	-2	1	8
2.898	1449	2	27	-1	8
2.9	1450	11	58	-3	22
2.902	1451	20	86	-4	35
2.904	1452	28	114	-6	35
2.906	1453	35	132	-6	59
2.908	1454	41	150	-7	57
2.91	1455	45	162	-8	51
2.912	1456	48	168	-8	85
2.914	1457	50	171	-8	83
2.916	1458	50	168	-8	84
2.918	1459	48	156	-7	81
2.92	1460	44	139	-6	53
2.922	1461	39	119	-5	43
2.924	1462	33	96	-4	44
2.926	1463	26	71	-3	20
2.928	1464	17	37	-1	8
2.93	1465	8	7	0	9
2.932	1466	0	-22	2	-9
2.934	1467	-9	-54	4	-11
2.936	1468	-18	-82	5	-23
2.938	1469	-26	-107	6	-58
2.94	1470	-33	-129	7	-62
2.942	1471	-39	-147	8	-45
2.944	1472	-44	-159	8	-69
2.946	1473	-47	-168	9	-80
2.948	1474	-49	-171	9	-82
2.95	1475	-49	-168	9	-85
2.952	1476	-47	-156	8	-64
2.954	1477	-43	-139	7	-50
2.956	1478	-38	-119	6	-67
2.958	1479	-32	-96	5	-52
2.96	1480	-24	-65	3	-32
2.962	1481	-16	-37	2	-27
2.964	1482	-7	-4	0	-8
2.966	1483	1	22	-1	-7
2.968	1484	10	54	-3	9
2.97	1485	19	85	-5	44
2.972	1486	28	113	-6	56
2.974	1487	35	135	-7	67
2.976	1488	41	153	-8	42
2.978	1489	46	165	-8	66
2.98	1490	49	171	-8	77
2.982	1491	50	171	-8	93
2.984	1492	50	165	-7	71
2.986	1493	47	153	-7	75
2.988	1494	44	139	-6	60
2.99	1495	38	116	-5	78
2.992	1496	32	93	-4	56
2.994	1497	24	65	-3	28
2.996	1498	15	31	-1	12
2.998	1499	6	1	0	2
3	1500	-3	-31	2	-3
3.002	1501	-12	-59	3	-22
3.004	1502	-21	-90	5	-44
3.006	1503	-29	-115	6	-54
3.008	1504	-36	-137	7	-59
3.01	1505	-41	-152	8	-46
3.012	1506	-46	-164	8	-57
3.014	1507	-48	-167	8	-87
3.016	1508	-49	-164	7	-85
3.018	1509	-48	-158	7	-82
3.02	1510	-45	-144	6	-78
3.022	1511	-41	-127	5	-72
3.024	1512	-35	-104	4	-69
3.026	1513	-28	-79	3	-58
3.028	1514	-19	-48	2	-15
3.03	1515	-10	-14	0	-10
3.032	1516	-1	15	-1	-4
3.034	1517	8	47	-3	5
3.036	1518	17	75	-4	24
3.038	1519	25	103	-6	43
3.04	1520	33	128	-7	60
3.042	1521	40	149	-8	78
3.044	1522	45	161	-8	43
3.046	1523	48	167	-8	77
3.048	1524	50	170	-8	102
3.05	1525	50	167	-8	100
3.052	1526	48	155	-7	83
3.054	1527	44	138	-6	87
3.056	1528	39	118	-5	52
3.058	1529	32	92	-4	76
3.06	1530	24	64	-3	49
3.062	1531	15	33	-2	5
3.064	1532	6	0	0	10
3.066	1533	-3	-29	1	0
3.068	1534	-12	-60	3	-9
3.07	1535	-21	-91	5	-31
3.072	1536	-30	-119	6	-49
3.074	1537	-37	-140	7	-78
3.076	1538	-42	-152	7	-55
3.078	1539	-46	-161	7	-51
3.08	1540	-49	-167	7	-111
3.082	1541	-49	-164	7	-88
3.084	1542	-47	-152	6	-99
3.086	1543	-44	-141	6	-82
3.088	1544	-39	-121	5	-62
3.09	1545	-33	-98	4	-73
3.092	1546	-25	-70	3	-69
3.094	1547	-16	-36	1	-26
3.096	1548	-7	-6	0	-7
3.098	1549	2	23	-1	-3
3.1	1550	12	58	-3	6
3.102	1551	21	86	-4	19
3.104	1552	29	114	-6	42
3.106	1553	36	136	-7	90
3.108	1554	42	151	-7	81
3.11	1555	47	166	-8	60
3.112	1556	49	169	-8	79
3.114	1557	50	169	-8	108
3.116	1558	49	163	-8	109
3.118	1559	46	149	-7	95
3.12	1560	41	129	-6	81
3.122	1561	34	103	-5	55
3.124	1562	27	78	-4	81
3.126	1563	18	44	-2	52
3.128	1564	8	11	-1	9
3.13	1565	0	-15	0	-2
3.132	1566	-10	-50	2	-18
3.134	1567	-19	-78	3	-12
3.136	1568	-28	-109	5	-41
3.138	1569	-35	-131	6	-73
3.14	1570	-41	-146	6	-101
3.142	1571	-46	-161	7	-40
3.144	1572	-48	-164	7	-68
3.146	1573	-49	-164	7	-104
3.148	1574	-48	-158	7	-117
3.15	1575	-44	-144	7	-109
3.152	1576	-39	-124	6	-87
3.154	1577	-33	-101	5	-51
3.156	1578	-25	-73	4	-87
3.158	1579	-16	-42	3	-65
3.16	1580	-6	-6	1	-18
3.162	1581	3	23	0	5
3.164	1582	12	52	-1	26
3.166	1583	22	86	-3	20
3.168	1584	30	111	-4	26
3.17	1585	37	133	-5	73
3.172	1586	43	148	-5	110
3.174	1587	47	160	-6	73
3.176	1588	50	166	-6	68
3.178	1589	50	163	-6	113
3.18	1590	48	154	-6	113
3.182	1591	44	137	-5	133
3.184	1592	39	117	-4	102
3.186	1593	32	91	-3	50
3.188	1594	24	63	-2	70
3.19	1595	15	32	-1	70
3.192	1596	5	-3	1	21
3.194	1597	-4	-32	2	-10
3.196	1598	-14	-63	3	-32
3.198	1599	-23	-94	5	-31
3.2	1600	-32	-122	6	-18
3.202	1601	-38	-140	7	-63
3.204	1602	-44	-155	7	-122
3.206	1603	-47	-161	7	-58
3.208	1604	-49	-164	7	-99
3.21	1605	-48	-158	7	-97
3.212	1606	-46	-147	6	-122
3.214	1607	-42	-130	5	-141
3.216	1608	-36	-110	5	-113
3.218	1609	-28	-82	4	-40
3.22	1610	-19	-48	2	-72
3.222	1611	-10	-17	1	-57
3.224	1612	0	15	0	-25
3.226	1613	10	47	-1	-1
3.228	1614	19	75	-2	42
3.23	1615	28	106	-4	47
3.232	1616	36	131	-5	18
3.234	1617	42	146	-5	84
3.236	1618	47	161	-6	126
3.238	1619	49	164	-6	78
3.24	1620	50	164	-6	122
3.242	1621	48	155	-6	107
3.244	1622	45	141	-5	123
3.246	1623	40	121	-4	150
3.248	1624	33	95	-3	109
3.25	1625	24	64	-2	47
3.252	1626	15	33	-1	75
3.254	1627	5	0	0	37
3.256	1628	-4	-29	1	23
3.258	1629	-14	-63	3	0
3.26	1630	-24	-94	4	-52
3.262	1631	-32	-119	5	-62
3.264	1632	-39	-140	6	-44
3.266	1633	-44	-155	7	-122
3.268	1634	-48	-164	7	-72
3.27	1635	-49	-164	7	-124
3.272	1636	-48	-158	7	-129
3.274	1637	-45	-147	7	-132
3.276	1638	-41	-130	6	-114
3.278	1639	-34	-104	5	-149
3.28	1640	-26	-76	4	-73
3.282	1641	-17	-45	3	-74
3.284	1642	-7	-11	2	-67
3.286	1643	3	21	1	-17
3.288	1644	13	53	0	-22
3.29	1645	22	81	-1	9
3.292	1646	31	112	-3	55
3.294	1647	38	134	-4	55
3.296	1648	44	149	-4	71
3.298	1649	48	158	-4	134
3.3	1650	50	164	-5	82
3.302	1651	50	161	-5	135
3.304	1652	47	146	-4	153
3.306	1653	43	132	-4	136
3.308	1654	36	106	-3	131
3.31	1655	28	78	-2	137
3.312	1656	19	47	-1	63
3.314	1657	9	13	0	89
3.316	1658	0	-16	1	38
3.318	1659	-10	-48	2	2
3.32	1660	-20	-79	3	-6
3.322	1661	-29	-110	5	-37
3.324	1662	-37	-135	6	-69
3.326	1663	-43	-150	6	-59
3.328	1664	-47	-159	6	-148
3.33	1665	-49	-162	6	-83
3.332	1666	-49	-159	6	-111
3.334	1667	-46	-145	5	-140
3.336	1668	-42	-131	5	-168
3.338	1669	-36	-108	4	-134
3.34	1670	-28	-80	3	-145
3.342	1671	-18	-46	2	-87
3.344	1672	-8	-12	1	-74
3.346	1673	1	17	0	-90
3.348	1674	11	49	-1	-20
3.35	1675	21	80	-2	6
3.352	1676	30	108	-3	34
3.354	1677	38	133	-4	51
3.356	1678	44	151	-5	72
3.358	1679	48	160	-5	103
3.36	1680	50	163	-5	157
3.362	1681	50	160	-5	102
3.364	1682	47	146	-4	152
3.366	1683	42	129	-4	152
3.368	1684	36	106	-3	165
3.37	1685	28	78	-2	155
3.372	1686	18	44	-1	128
3.374	1687	8	10	0	56
3.376	1688	-1	-19	1	83
3.378	1689	-12	-54	2	35
3.38	1690	-22	-85	3	-2
3.382	1691	-31	-113	4	-35
3.384	1692	-38	-135	5	-63
3.386	1693	-44	-150	5	-99
3.388	1694	-47	-156	5	-87
3.39	1695	-49	-159	5	-149
3.392	1696	-48	-153	5	-87
3.394	1697	-45	-139	4	-182
3.396	1698	-40	-122	4	-153
3.398	1699	-33	-96	3	-176
3.4	1700	-25	-68	2	-159
3.402	1701	-15	-34	1	-150
3.404	1702	-4	1	0	-90
3.406	1703	5	30	-1	-87
3.408	1704	16	65	-2	-38
3.41	1705	25	93	-3	-13
3.412	1706	34	118	-3	22
3.414	1707	41	140	-4	53
3.416	1708	46	155	-5	88
3.418	1709	49	161	-5	82
3.42	1710	50	161	-5	159
3.422	1711	48	152	-5	101
3.424	1712	45	138	-4	183
3.426	1713	39	115	-3	169
3.428	1714	31	89	-3	197
3.43	1715	22	58	-2	163
3.432	1716	12	24	-1	173
3.434	1717	1	-11	0	84
3.436	1718	-8	-40	1	85
3.438	1719	-19	-74	2	24
3.44	1720	-28	-99	2	-14
3.442	1721	-36	-124	3	-36
3.444	1722	-42	-142	4	-76
3.446	1723	-47	-154	4	-92
3.448	1724	-49	-157	4	-100
3.45	1725	-49	-151	3	-170
3.452	1726	-46	-140	3	-92
3.454	1727	-41	-120	2	-192
3.456	1728	-34	-97	2	-173
3.458	1729	-26	-69	1	-213
3.46	1730	-16	-35	0	-185
3.462	1731	-6	-2	-1	-186
3.464	1732	4	30	-2	-94
3.466	1733	15	65	-3	-94
3.468	1734	25	93	-3	-52
3.47	1735	34	121	-4	1
3.472	1736	41	140	-4	42
3.474	1737	46	155	-5	72
3.476	1738	49	161	-5	88
3.478	1739	50	161	-5	97
3.48	1740	48	152	-5	169
3.482	1741	44	135	-4	125
3.484	1742	38	112	-3	202
3.486	1743	30	83	-2	192
3.488	1744	21	52	-1	207
3.49	1745	11	21	-1	199
3.492	1746	0	-14	0	193
3.494	1747	-10	-46	1	93
3.496	1748	-20	-77	2	83
3.498	1749	-30	-105	2	16
3.5	1750	-38	-130	3	-11
3.502	1751	-44	-145	3	-54
3.504	1752	-47	-154	4	-97
3.506	1753	-49	-157	4	-126
3.508	1754	-48	-151	4	-109
3.51	1755	-45	-137	3	-165
3.512	1756	-39	-114	2	-114
3.514	1757	-32	-91	2	-225
3.516	1758	-23	-60	1	-211
3.518	1759	-13	-26	0	-219
3.52	1760	-2	9	-1	-198
3.522	1761	8	41	-2	-199
3.524	1762	19	75	-3	-97
3.526	1763	29	103	-3	-116
3.528	1764	37	128	-4	-30
3.53	1765	43	143	-4	13
3.532	1766	48	155	-4	74
3.534	1767	50	158	-4	85
3.536	1768	49	149	-3	117
3.538	1769	47	141	-3	137
3.54	1770	41	118	-2	173
3.542	1771	34	92	-1	168
3.544	1772	25	61	0	222
3.546	1773	15	27	1	215
3.548	1774	4	-8	2	216
3.55	1775	-6	-37	2	204
3.552	1776	-17	-71	3	177
3.554	1777	-27	-102	4	89
3.556	1778	-35	-124	4	83
3.558	1779	-42	-142	4	-15
3.56	1780	-47	-154	4	-41
3.562	1781	-49	-157	4	-87
3.564	1782	-49	-151	3	-121
3.566	1783	-46	-140	3	-137
3.568	1784	-41	-120	2	-210
3.57	1785	-34	-94	1	-142
3.572	1786	-25	-63	0	-193
3.574	1787	-15	-29	-1	-214
3.576	1788	-4	6	-2	-233
3.578	1789	7	41	-3	-228
3.58	1790	18	75	-4	-227
3.582	1791	28	106	-5	-155
3.584	1792	36	128	-5	-115
3.586	1793	43	146	-5	-83
3.588	1794	48	158	-5	15
3.59	1795	50	161	-5	60
3.592	1796	50	158	-5	107
3.594	1797	47	144	-4	122
3.596	1798	41	121	-3	148
3.598	1799	34	95	-2	197
3.6	1800	25	64	-1	177
3.602	1801	15	30	0	208
3.604	1802	4	-5	1	235
3.606	1803	-7	-40	2	232
3.608	1804	-18	-74	3	231
3.61	1805	-28	-102	3	203
3.612	1806	-36	-124	3	112
3.614	1807	-43	-142	3	61
3.616	1808	-47	-151	3	16
3.618	1809	-49	-151	2	-33
3.62	1810	-48	-145	2	-79
3.622	1811	-45	-134	2	-122
3.624	1812	-39	-111	1	-167
3.626	1813	-32	-85	0	-202
3.628	1814	-22	-51	-1	-173
3.63	1815	-12	-17	-2	-164
3.632	1816	-1	18	-3	-231
3.634	1817	10	53	-4	-233
3.636	1818	21	84	-4	-233
3.638	1819	30	112	-5	-233
3.64	1820	39	137	-5	-163
3.642	1821	45	152	-5	-123
3.644	1822	49	158	-4	-115
3.646	1823	50	158	-4	23
3.648	1824	49	149	-3	48
3.65	1825	45	135	-3	130
3.652	1826	39	109	-1	117
3.654	1827	30	77	0	146
3.656	1828	21	49	0	172
3.658	1829	10	12	1	196
3.66	1830	-1	-23	2	220
3.662	1831	-12	-58	3	237
3.664	1832	-23	-92	4	219
3.666	1833	-32	-120	5	228
3.668	1834	-40	-141	5	212
3.67	1835	-45	-153	5	135
3.672	1836	-48	-159	5	26
3.674	1837	-49	-156	4	-60
3.676	1838	-47	-144	3	-93
3.678	1839	-42	-124	2	-51
3.68	1840	-35	-101	2	-117
3.682	1841	-26	-70	1	-154
3.684	1842	-15	-33	0	-169
3.686	1843	-4	2	-1	-205
3.688	1844	6	34	-2	-113
3.69	1845	18	72	-3	-234
3.692	1846	28	103	-4	-232
3.694	1847	37	128	-4	-234
3.696	1848	44	146	-4	-229
3.698	1849	48	155	-4	-177
3.7	1850	50	158	-4	-68
3.702	1851	49	149	-3	-101
3.704	1852	46	135	-2	46
3.706	1853	40	112	-1	140
3.708	1854	32	83	0	113
3.71	1855	22	49	1	157
3.712	1856	11	12	2	140
3.714	1857	0	-23	3	149
3.716	1858	-11	-58	4	205
3.718	1859	-22	-92	5	224
3.72	1860	-32	-120	5	237
3.722	1861	-40	-144	6	199
3.724	1862	-45	-156	6	235
3.726	1863	-48	-162	6	184
3.728	1864	-49	-159	5	87
3.73	1865	-47	-147	4	-13
3.732	1866	-42	-127	3	-90
3.734	1867	-35	-98	1	-61
3.736	1868	-25	-67	1	-92
3.738	1869	-15	-30	-1	-95
3.74	1870	-3	8	-2	-139
3.742	1871	7	40	-3	-219
3.744	1872	19	77	-4	-119
3.746	1873	29	108	-5	-173
3.748	1874	38	136	-6	-233
3.75	1875	44	151	-6	-233
3.752	1876	49	163	-6	-233
3.754	1877	50	163	-6	-219
3.756	1878	49	154	-5	-94
3.758	1879	45	137	-4	-46
3.76	1880	38	111	-3	-27
3.762	1881	30	79	-1	146
3.764	1882	19	42	0	125
3.766	1883	8	6	1	168
3.768	1884	-3	-29	2	146
3.77	1885	-14	-63	3	80
3.772	1886	-25	-97	4	174
3.774	1887	-34	-125	5	175
3.776	1888	-42	-149	6	237
3.778	1889	-47	-161	6	209
3.78	1890	-49	-164	6	216
3.782	1891	-48	-155	5	166
3.784	1892	-45	-141	4	166
3.786	1893	-39	-118	3	3
3.788	1894	-31	-89	2	-26
3.79	1895	-21	-52	0	-87
3.792	1896	-10	-15	-1	-78
3.794	1897	1	20	-2	-76
3.796	1898	13	58	-3	-99
3.798	1899	24	95	-5	-194
3.8	1900	0	21	-5	-118
3.802	1901	0	23	-6	-101
3.804	1902	0	22	-6	-212
3.806	1903	0	21	-6	-233
3.808	1904	0	20	-6	-234
3.81	1905	0	19	-6	-233
3.812	1906	0	18	-6	-81
3.814	1907	0	14	-5	-55
3.816	1908	0	13	-5	-60
3.818	1909	0	12	-5	80
3.82	1910	0	8	-4	88
3.822	1911	0	7	-4	132
3.824	1912	0	7	-4	111
3.826	1913	0	4	-3	55
3.828	1914	0	4	-3	96
3.83	1915	0	4	-3	137
3.832	1916	0	4	-3	182
3.834	1917	0	7	-4	208
3.836	1918	0	7	-4	214
3.838	1919	0	7	-4	195
3.84	1920	0	7	-4	198
3.842	1921	0	10	-5	131
3.844	1922	0	9	-5	35
3.846	1923	0	9	-5	-14
3.848	1924	0	9	-5	-41
3.85	1925	0	9	-5	-42
3.852	1926	0	6	-4	-26
3.854	1927	0	6	-4	-61
3.856	1928	0	6	-4	-112
3.858	1929	0	3	-3	-108
3.86	1930	0	3	-3	-80
3.862	1931	0	3	-3	-157
3.864	1932	0	3	-3	-223
3.866	1933	0	0	-2	-222
3.868	1934	0	0	-2	-190
3.87	1935	0	-2	-1	-119
3.872	1936	0	-1	-1	-85
3.874	1937	0	-3	0	-60
3.876	1938	0	-2	0	-5
3.878	1939	0	-1	0	62
3.88	1940	0	-3	1	57
3.882	1941	0	-2	1	64
3.884	1942	0	-1	1	49
3.886	1943	0	-1	1	67
3.888	1944	0	-1	1	155
3.89	1945	0	-1	1	118
3.892	1946	0	1	0	157
3.894	1947	0	0	0	162
3.896	1948	0	0	0	189
3.898	1949	0	0	0	200
3.9	1950	0	2	-1	144
3.902	1951	0	1	-1	32
3.904	1952	0	1	-1	-9
3.906	1953	0	1	-1	-19
3.908	1954	0	4	-2	-48
3.91	1955	0	3	-2	-66
3.912	1956	0	3	-2	-91
3.914	1957	0	3	-2	-88
3.916	1958	0	3	-2	-46
3.918	1959	0	3	-2	-152
3.92	1960	0	3	-2	-88
3.922	1961	0	3	-2	-181
3.924	1962	0	0	-1	-154
3.926	1963	0	0	-1	-171
3.928	1964	0	0	-1	-127
3.93	1965	0	0	-1	-128
3.932	1966	0	-2	0	-9
3.934	1967	0	-1	0	17
3.936	1968	0	0	0	36
3.938	1969	0	0	0	106
3.94	1970	0	0	0	43
3.942	1971	0	2	-1	60
3.944	1972	0	1	-1	87
3.946	1973	0	1	-1	80
3.948	1974	0	1	-1	91
3.95	1975	0	1	-1	149
3.952	1976	0	1	-1	132
3.954	1977	0	1	-1	189
3.956	1978	0	4	-2	159
3.958	1979	0	3	-2	81
3.96	1980	0	3	-2	21
3.962	1981	0	6	-3	-16
3.964	1982	0	5	-3	-55
3.966	1983	0	5	-3	-63
3.968	1984	0	5	-3	-79
3.97	1985	0	2	-2	-81
3.972	1986	0	2	-2	-44
3.974	1987	0	2	-2	-49
3.976	1988	0	2	-2	-123
3.978	1989	0	2	-2	-54
3.98	1990	0	2	-2	-144
3.982	1991	0	2	-2	-120
3.984	1992	0	0	-1	-121
3.986	1993	0	0	-1	-122
3.988	1994	0	0	-1	-71
3.99	1995	0	0	-1	19
3.992	1996	0	0	-1	24
3.994	1997	0	0	-1	38
3.996	1998	0	0	-1	79
3.998	1999	0	3	-2	54
