#SLFR RTP OL_Test
#t	n	u	v	$\theta$	a
0	0	0	0	0	3
0.002	1	0	0	0	3
0.004	2	0	0	0	3
0.006	3	0	0	0	2
0.008	4	0	0	0	2
0.01	5	0	0	0	2
0.012	6	0	0	0	2
0.014	7	0	0	0	3
0.016	8	0	0	0	2
0.018	9	0	0	0	3
0.02	10	0	0	0	2
0.022	11	0	0	0	2
0.024	12	0	0	0	3
0.026	13	1	2	0	2
0.028	14	1	1	0	2
0.03	15	1	1	0	2
0.032	16	1	1	0	2
0.034	17	1	1	0	3
0.036	18	1	1	0	2
0.038	19	1	1	0	2
0.04	20	1	1	0	3
0.042	21	1	1	0	2
0.044	22	2	4	0	3
0.046	23	2	3	0	2
0.048	24	2	3	0	2
0.05	25	2	3	0	2
0.052	26	2	3	0	2
0.054	27	2	3	0	2
0.056	28	2	3	0	3
0.058	29	3	6	0	2
0.06	30	3	5	0	3
0.062	31	3	5	0	2
0.064	32	3	5	0	2
0.066	33	3	5	0	2
0.068	34	4	8	0	3
0.07	35	4	7	0	3
0.072	36	4	7	0	2
0.074	37	4	7	0	3
0.076	38	5	10	0	2
0.078	39	5	9	0	3
0.08	40	5	9	0	2
0.082	41	5	9	0	2
0.084	42	6	12	0	2
0.086	43	6	11	0	2
0.088	44	6	11	0	2
0.09	45	6	11	0	2
0.092	46	7	14	0	2
0.094	47	7	13	0	2
0.096	48	7	13	0	2
0.098	49	8	16	0	2
0.1	50	8	13	1	-1
0.102	51	8	13	1	3
0.104	52	8	13	1	4
0.106	53	9	16	1	5
0.108	54	9	15	1	4
0.11	55	9	15	1	5
0.112	56	10	15	2	1
0.114	57	10	15	2	5
0.116	58	10	15	2	1
0.118	59	11	18	2	1
0.12	60	11	17	2	0
0.122	61	12	17	3	1
0.124	62	12	17	3	1
0.126	63	12	17	3	2
0.128	64	13	20	3	-1
0.13	65	13	19	3	-1
0.132	66	14	19	4	0
0.134	67	14	19	4	-4
0.136	68	14	19	4	-2
0.138	69	15	21	4	-3
0.14	70	15	18	5	-4
0.142	71	16	21	5	-3
0.144	72	16	21	5	-1
0.146	73	16	18	6	-2
0.148	74	17	21	6	-1
0.15	75	17	21	6	-2
0.152	76	18	23	6	-2
0.154	77	18	20	7	-3
0.156	78	19	23	7	-3
0.158	79	19	23	7	-3
0.16	80	20	23	8	-1
0.162	81	20	23	8	-2
0.164	82	21	25	8	0
0.166	83	21	25	8	-2
0.168	84	21	22	9	-2
0.17	85	22	25	9	-2
0.172	86	22	25	9	-2
0.174	87	23	25	10	-5
0.176	88	23	25	10	-3
0.178	89	24	27	10	-4
0.18	90	24	24	11	-5
0.182	91	25	27	11	-4
0.184	92	25	27	11	-3
0.186	93	26	27	12	-5
0.188	94	26	27	12	-4
0.19	95	27	29	12	-6
0.192	96	27	26	13	-7
0.194	97	28	29	13	-6
0.196	98	28	29	13	-6
0.198	99	29	29	14	-6
0.2	100	29	29	14	-4
0.202	101	30	31	14	-5
0.204	102	30	28	15	-6
0.206	103	31	31	15	-4
0.208	104	31	28	16	-5
0.21	105	32	31	16	-4
0.212	106	32	31	16	-4
0.214	107	33	31	17	-6
0.216	108	33	31	17	-4
0.218	109	34	31	18	-2
0.22	110	34	31	18	-6
0.222	111	35	33	18	-2
0.224	112	35	30	19	-4
0.226	113	36	33	19	-3
0.228	114	36	30	20	-3
0.23	115	37	33	20	-4
0.232	116	37	33	20	-5
0.234	117	38	33	21	-4
0.236	118	38	33	21	-5
0.238	119	39	33	22	-6
0.24	120	39	33	22	-6
0.242	121	40	35	22	-8
0.244	122	40	32	23	-5
0.246	123	41	35	23	-5
0.248	124	41	32	24	-6
0.25	125	42	35	24	-6
0.252	126	42	32	25	-7
0.254	127	42	32	25	-5
0.256	128	43	32	26	-5
0.258	129	43	32	26	-4
0.26	130	44	32	27	-5
0.262	131	44	32	27	-3
0.264	132	44	29	28	-4
0.266	133	45	32	28	-2
0.268	134	45	29	29	-4
0.27	135	46	32	29	-3
0.272	136	46	29	30	-5
0.274	137	46	29	30	-1
0.276	138	47	32	30	-4
0.278	139	47	29	31	-2
0.28	140	47	29	31	-5
0.282	141	47	26	32	-1
0.284	142	48	29	32	-4
0.286	143	48	26	33	-1
0.288	144	48	26	33	-7
0.29	145	48	23	34	-2
0.292	146	49	26	34	-6
0.294	147	49	23	35	-1
0.296	148	49	23	35	-5
0.298	149	49	20	36	-1
0.3	150	49	20	36	-6
0.302	151	50	20	37	1
0.304	152	50	20	37	-5
0.306	153	50	17	38	-2
0.308	154	50	17	38	-4
0.31	155	50	17	38	0
0.312	156	50	14	39	-2
0.314	157	50	14	39	0
0.316	158	50	11	40	-2
0.318	159	50	11	40	0
0.32	160	50	11	40	1
0.322	161	50	8	41	2
0.324	162	50	8	41	0
0.326	163	50	8	41	2
0.328	164	50	5	42	2
0.33	165	50	5	42	3
0.332	166	49	2	42	4
0.334	167	49	0	43	2
0.336	168	49	0	43	3
0.338	169	49	0	43	5
0.34	170	48	-5	44	2
0.342	171	48	-4	44	6
0.344	172	48	-3	44	3
0.346	173	48	-5	45	5
0.348	174	47	-7	45	9
0.35	175	47	-6	45	13
0.352	176	46	-8	45	0
0.354	177	46	-7	45	4
0.356	178	46	-6	45	2
0.358	179	45	-8	45	0
0.36	180	45	-7	45	7
0.362	181	44	-12	46	4
0.364	182	44	-11	46	4
0.366	183	43	-13	46	12
0.368	184	42	-15	46	11
0.37	185	42	-14	46	11
0.372	186	41	-16	46	8
0.374	187	40	-18	46	8
0.376	188	40	-17	46	7
0.378	189	39	-19	46	16
0.38	190	38	-21	46	10
0.382	191	38	-20	46	15
0.384	192	37	-22	46	18
0.386	193	36	-24	46	19
0.388	194	35	-26	46	20
0.39	195	34	-28	46	20
0.392	196	33	-30	46	15
0.394	197	32	-32	46	17
0.396	198	31	-34	46	17
0.398	199	30	-36	46	16
0.4	200	29	-38	46	17
0.402	201	28	-40	46	19
0.404	202	27	-42	46	18
0.406	203	26	-44	46	22
0.408	204	25	-43	45	20
0.41	205	24	-45	45	14
0.412	206	23	-47	45	16
0.414	207	22	-49	45	16
0.416	208	20	-51	44	15
0.418	209	19	-53	44	16
0.42	210	18	-55	44	16
0.422	211	17	-57	44	17
0.424	212	16	-56	43	23
0.426	213	14	-61	43	23
0.428	214	13	-63	43	20
0.43	215	12	-62	42	20
0.432	216	10	-67	42	20
0.434	217	9	-66	41	22
0.436	218	8	-68	41	24
0.438	219	6	-70	40	21
0.44	220	5	-72	40	26
0.442	221	4	-71	39	30
0.444	222	2	-76	39	29
0.446	223	1	-75	38	28
0.448	224	0	-77	38	29
0.45	225	-1	-76	37	25
0.452	226	-2	-75	36	29
0.454	227	-4	-80	36	28
0.456	228	-5	-79	35	23
0.458	229	-7	-81	34	26
0.46	230	-8	-80	33	26
0.462	231	-10	-85	33	27
0.464	232	-11	-84	32	29
0.466	233	-12	-83	31	26
0.468	234	-14	-86	30	26
0.47	235	-15	-85	29	25
0.472	236	-17	-88	28	29
0.474	237	-18	-87	27	22
0.476	238	-19	-90	27	24
0.478	239	-21	-92	26	25
0.48	240	-22	-91	25	28
0.482	241	-23	-91	24	30
0.484	242	-25	-94	23	30
0.486	243	-26	-93	22	30
0.488	244	-27	-93	21	31
0.49	245	-29	-96	20	32
0.492	246	-30	-95	19	27
0.494	247	-31	-95	18	30
0.496	248	-32	-92	16	31
0.498	249	-33	-92	15	30
0.5	250	-34	-92	14	30
0.502	251	-36	-95	13	33
0.504	252	-37	-95	12	32
0.506	253	-38	-95	11	32
0.508	254	-39	-95	10	31
0.51	255	-40	-92	8	30
0.512	256	-40	-89	7	30
0.514	257	-41	-89	6	29
0.516	258	-42	-89	5	25
0.518	259	-43	-89	4	29
0.52	260	-44	-89	3	30
0.522	261	-44	-83	1	26
0.524	262	-45	-83	0	27
0.526	263	-46	-83	-1	26
0.528	264	-46	-80	-2	27
0.53	265	-47	-80	-3	24
0.532	266	-47	-77	-4	24
0.534	267	-48	-74	-6	23
0.536	268	-48	-71	-7	24
0.538	269	-48	-68	-8	25
0.54	270	-49	-68	-9	25
0.542	271	-49	-65	-10	29
0.544	272	-49	-62	-11	24
0.546	273	-49	-59	-12	24
0.548	274	-49	-56	-13	24
0.55	275	-49	-53	-14	24
0.552	276	-49	-50	-15	24
0.554	277	-49	-47	-16	21
0.556	278	-48	-41	-17	19
0.558	279	-48	-38	-18	23
0.56	280	-48	-35	-19	21
0.562	281	-47	-29	-20	18
0.564	282	-47	-26	-21	17
0.566	283	-46	-23	-21	14
0.568	284	-46	-21	-22	15
0.57	285	-45	-16	-23	13
0.572	286	-44	-14	-23	11
0.574	287	-44	-12	-24	8
0.576	288	-43	-10	-24	8
0.578	289	-42	-5	-25	8
0.58	290	-41	-3	-25	4
0.582	291	-40	1	-26	5
0.584	292	-39	2	-26	0
0.586	293	-38	6	-27	1
0.588	294	-37	7	-27	-3
0.59	295	-35	11	-27	-2
0.592	296	-34	15	-28	-4
0.594	297	-33	16	-28	-3
0.596	298	-31	23	-29	-4
0.598	299	-30	24	-29	-5
0.6	300	-28	28	-29	-8
0.602	301	-27	29	-29	-29
0.604	302	-25	33	-29	-11
0.606	303	-23	37	-29	-14
0.608	304	-22	38	-29	-9
0.61	305	-20	43	-29	-14
0.612	306	-18	47	-29	-11
0.614	307	-17	45	-28	-17
0.616	308	-15	50	-28	-12
0.618	309	-13	54	-28	-23
0.62	310	-11	58	-28	-29
0.622	311	-9	62	-28	-29
0.624	312	-7	66	-28	-31
0.626	313	-5	70	-28	-30
0.628	314	-3	74	-28	-27
0.63	315	-1	75	-27	-35
0.632	316	0	77	-27	-32
0.634	317	2	82	-27	-35
0.636	318	4	86	-27	-39
0.638	319	6	87	-26	-46
0.64	320	8	91	-26	-48
0.642	321	10	95	-26	-50
0.644	322	12	97	-25	-46
0.646	323	14	101	-25	-46
0.648	324	16	103	-24	-51
0.65	325	17	104	-24	-48
0.652	326	19	109	-24	-46
0.654	327	21	110	-23	-46
0.656	328	23	115	-23	-49
0.658	329	25	116	-22	-52
0.66	330	27	121	-22	-58
0.662	331	28	120	-21	-53
0.664	332	30	125	-21	-53
0.666	333	32	126	-20	-51
0.668	334	33	125	-19	-54
0.67	335	35	130	-19	-52
0.672	336	36	129	-18	-51
0.674	337	38	131	-17	-51
0.676	338	39	133	-17	-53
0.678	339	40	132	-16	-56
0.68	340	42	134	-15	-60
0.682	341	43	133	-14	-62
0.684	342	44	135	-14	-62
0.686	343	45	134	-13	-61
0.688	344	46	133	-12	-64
0.69	345	47	132	-11	-63
0.692	346	47	128	-10	-61
0.694	347	48	127	-9	-64
0.696	348	49	126	-8	-64
0.698	349	49	125	-8	-66
0.7	350	49	121	-7	-70
0.702	351	50	120	-6	-65
0.704	352	50	116	-5	-66
0.706	353	50	112	-4	-67
0.708	354	50	108	-3	-69
0.71	355	50	107	-3	-66
0.712	356	50	103	-2	-62
0.714	357	49	96	-1	-60
0.716	358	49	93	0	-64
0.718	359	48	90	0	-64
0.72	360	48	87	1	-60
0.722	361	47	84	1	-59
0.724	362	46	78	2	-59
0.726	363	45	75	2	-56
0.728	364	44	69	3	-57
0.73	365	43	66	3	-54
0.732	366	42	63	3	-48
0.734	367	41	57	4	-49
0.736	368	40	54	4	-46
0.738	369	38	48	4	-45
0.74	370	37	45	4	-43
0.742	371	35	39	4	-39
0.744	372	33	33	4	-41
0.746	373	31	27	4	-40
0.748	374	30	25	4	-33
0.75	375	28	20	4	-33
0.752	376	26	15	4	-29
0.754	377	24	10	4	-27
0.756	378	21	2	4	-25
0.758	379	19	-2	4	-21
0.76	380	17	-6	4	-16
0.762	381	15	-7	3	-18
0.764	382	12	-14	3	-17
0.766	383	10	-18	3	-13
0.768	384	8	-19	2	-10
0.77	385	5	-26	2	-7
0.772	386	3	-30	2	-6
0.774	387	0	-34	1	-4
0.776	388	-1	-35	1	-2
0.778	389	-3	-36	0	0
0.78	390	-6	-43	0	1
0.782	391	-8	-44	-1	3
0.784	392	-11	-51	-1	4
0.786	393	-13	-55	-1	4
0.788	394	-15	-56	-2	9
0.79	395	-18	-63	-2	2
0.792	396	-20	-64	-3	32
0.794	397	-22	-65	-4	34
0.796	398	-24	-69	-4	17
0.798	399	-27	-73	-5	22
0.8	400	-29	-74	-6	21
0.802	401	-31	-78	-6	17
0.804	402	-32	-76	-7	27
0.806	403	-34	-77	-8	28
0.808	404	-36	-81	-8	27
0.81	405	-38	-82	-9	44
0.812	406	-39	-81	-10	42
0.814	407	-41	-86	-10	45
0.816	408	-42	-84	-11	47
0.818	409	-43	-86	-11	49
0.82	410	-44	-85	-12	46
0.822	411	-45	-87	-12	53
0.824	412	-46	-86	-13	50
0.826	413	-47	-88	-13	51
0.828	414	-48	-90	-13	61
0.83	415	-48	-86	-14	69
0.832	416	-49	-88	-14	70
0.834	417	-49	-87	-14	71
0.836	418	-49	-86	-14	77
0.838	419	-49	-82	-15	77
0.84	420	-49	-81	-15	81
0.842	421	-48	-77	-15	77
0.844	422	-48	-76	-15	70
0.846	423	-47	-72	-15	66
0.848	424	-47	-68	-16	69
0.85	425	-46	-64	-16	72
0.852	426	-45	-60	-16	74
0.854	427	-44	-56	-16	81
0.856	428	-42	-49	-16	80
0.858	429	-41	-46	-16	82
0.86	430	-39	-43	-15	85
0.862	431	-38	-40	-15	85
0.864	432	-36	-34	-15	79
0.866	433	-34	-28	-15	76
0.868	434	-32	-25	-14	77
0.87	435	-30	-19	-14	75
0.872	436	-28	-16	-13	76
0.874	437	-26	-10	-13	77
0.876	438	-23	-4	-12	79
0.878	439	-21	-1	-11	84
0.88	440	-18	4	-10	86
0.882	441	-16	6	-9	82
0.884	442	-13	11	-8	80
0.886	443	-10	16	-7	77
0.888	444	-8	18	-6	74
0.89	445	-5	23	-5	73
0.892	446	-2	28	-4	68
0.894	447	0	30	-3	69
0.896	448	3	32	-1	69
0.898	449	5	34	0	68
0.9	450	8	36	2	67
0.902	451	11	38	4	66
0.904	452	14	43	5	56
0.906	453	16	42	7	53
0.908	454	19	44	9	48
0.91	455	22	46	11	43
0.912	456	24	48	12	34
0.914	457	27	52	13	29
0.916	458	29	51	15	26
0.918	459	31	50	17	30
0.92	460	34	52	19	26
0.922	461	36	48	22	17
0.924	462	38	47	24	14
0.926	463	39	43	26	10
0.928	464	41	42	28	6
0.93	465	43	41	30	-1
0.932	466	44	37	32	-3
0.934	467	46	36	34	-2
0.936	468	47	32	36	1
0.938	469	48	28	38	4
0.94	470	48	21	40	-2
0.942	471	49	20	41	-2
0.944	472	50	16	43	-4
0.946	473	50	12	44	-7
0.948	474	50	6	46	-10
0.95	475	50	3	47	-17
0.952	476	50	0	48	-18
0.954	477	49	-5	49	-11
0.956	478	49	-7	50	-38
0.958	479	48	-12	51	-18
0.96	480	47	-17	52	-26
0.962	481	46	-22	53	-24
0.964	482	45	-24	53	-22
0.966	483	43	-29	53	-31
0.968	484	42	-34	54	-42
0.97	485	40	-39	54	-35
0.972	486	38	-44	54	-46
0.974	487	36	-49	54	-53
0.976	488	34	-54	54	-47
0.978	489	31	-59	53	-51
0.98	490	29	-64	53	-47
0.982	491	26	-69	52	-40
0.984	492	24	-71	51	-50
0.986	493	21	-76	50	-46
0.988	494	18	-81	49	-45
0.99	495	15	-86	48	-49
0.992	496	12	-91	47	-48
0.994	497	9	-93	45	-54
0.996	498	6	-95	43	-50
0.998	499	3	-100	42	-40
1	500	0	-102	40	-26
1.002	501	-3	-104	38	-36
1.004	502	-6	-106	36	-25
1.006	503	-9	-108	34	-29
1.008	504	-12	-107	31	-17
1.01	505	-15	-109	29	-17
1.012	506	-18	-111	27	-30
1.014	507	-21	-110	24	-32
1.016	508	-24	-109	21	-22
1.018	509	-26	-108	19	-17
1.02	510	-29	-107	16	-7
1.022	511	-31	-103	13	-17
1.024	512	-34	-102	10	-19
1.026	513	-36	-101	8	-11
1.028	514	-38	-97	5	-5
1.03	515	-40	-93	2	-12
1.032	516	-42	-89	-1	-17
1.034	517	-43	-82	-4	-15
1.036	518	-45	-78	-7	2
1.038	519	-46	-71	-10	-3
1.04	520	-47	-67	-12	-1
1.042	521	-48	-61	-15	9
1.044	522	-48	-55	-17	4
1.046	523	-49	-49	-20	15
1.048	524	-49	-43	-22	15
1.05	525	-49	-37	-24	9
1.052	526	-49	-31	-26	17
1.054	527	-48	-19	-29	28
1.056	528	-47	-10	-31	42
1.058	529	-47	-4	-33	33
1.06	530	-45	4	-34	32
1.062	531	-44	11	-36	27
1.064	532	-43	15	-37	33
1.066	533	-41	25	-39	33
1.068	534	-39	32	-40	29
1.07	535	-37	39	-41	23
1.072	536	-34	49	-42	34
1.074	537	-32	56	-43	39
1.076	538	-29	63	-43	40
1.078	539	-27	67	-43	29
1.08	540	-24	77	-44	25
1.082	541	-21	84	-44	25
1.084	542	-18	91	-44	29
1.086	543	-14	101	-44	17
1.088	544	-11	105	-43	12
1.09	545	-8	109	-42	11
1.092	546	-4	119	-42	21
1.094	547	-1	123	-41	23
1.096	548	1	121	-39	18
1.098	549	5	128	-38	11
1.1	550	8	132	-37	15
1.102	551	12	136	-35	14
1.104	552	15	140	-34	10
1.106	553	18	141	-32	2
1.108	554	21	142	-30	2
1.11	555	25	146	-28	3
1.112	556	28	147	-26	4
1.114	557	30	145	-24	-13
1.116	558	33	146	-22	-3
1.118	559	36	144	-19	-8
1.12	560	38	142	-17	-1
1.122	561	40	137	-14	-7
1.124	562	42	135	-12	-8
1.126	563	44	130	-9	-27
1.128	564	46	128	-7	-15
1.13	565	47	121	-4	-28
1.132	566	48	117	-2	-30
1.134	567	49	110	1	-36
1.136	568	50	106	3	-35
1.138	569	50	99	5	-36
1.14	570	50	89	8	-44
1.142	571	50	82	10	-47
1.144	572	49	72	12	-49
1.146	573	49	66	14	-53
1.148	574	48	57	16	-60
1.15	575	47	48	18	-56
1.152	576	45	39	19	-62
1.154	577	44	30	21	-64
1.156	578	42	21	22	-66
1.158	579	40	12	23	-63
1.16	580	37	0	24	-73
1.162	581	35	-7	25	-65
1.164	582	32	-17	26	-71
1.166	583	29	-24	26	-71
1.168	584	26	-31	26	-72
1.17	585	23	-41	27	-72
1.172	586	20	-48	27	-73
1.174	587	16	-58	27	-68
1.176	588	13	-62	26	-65
1.178	589	9	-72	26	-66
1.18	590	5	-79	25	-64
1.182	591	2	-83	24	-63
1.184	592	-1	-87	23	-61
1.186	593	-5	-94	22	-50
1.188	594	-8	-95	20	-54
1.19	595	-12	-102	19	-49
1.192	596	-16	-106	17	-43
1.194	597	-19	-107	15	-36
1.196	598	-22	-108	13	-35
1.198	599	-26	-112	11	-26
1.2	600	-29	-113	9	-29
1.202	601	-32	-114	7	-14
1.204	602	-35	-112	4	-20
1.206	603	-37	-110	2	-10
1.208	604	-39	-105	-1	-12
1.21	605	-42	-106	-3	-4
1.212	606	-43	-98	-6	1
1.214	607	-45	-94	-9	-1
1.216	608	-46	-90	-11	2
1.218	609	-47	-83	-14	11
1.22	610	-48	-79	-16	8
1.222	611	-49	-72	-19	9
1.224	612	-49	-65	-21	17
1.226	613	-49	-58	-23	17
1.228	614	-49	-48	-26	9
1.23	615	-48	-38	-28	51
1.232	616	-47	-29	-30	37
1.234	617	-46	-20	-32	31
1.236	618	-44	-8	-34	29
1.238	619	-42	3	-36	29
1.24	620	-40	11	-37	29
1.242	621	-38	22	-39	48
1.244	622	-35	33	-40	38
1.246	623	-32	44	-41	42
1.248	624	-29	54	-42	66
1.25	625	-26	61	-42	61
1.252	626	-23	68	-42	65
1.254	627	-19	78	-42	65
1.256	628	-16	85	-42	62
1.258	629	-12	92	-41	67
1.26	630	-8	102	-41	75
1.262	631	-4	109	-40	65
1.264	632	0	116	-39	71
1.266	633	3	120	-38	76
1.268	634	7	127	-37	77
1.27	635	11	131	-35	69
1.272	636	15	135	-33	76
1.274	637	18	136	-31	54
1.276	638	22	140	-29	64
1.278	639	26	144	-27	55
1.28	640	29	142	-24	50
1.282	641	32	143	-22	38
1.284	642	35	141	-19	46
1.286	643	38	139	-16	35
1.288	644	40	134	-13	44
1.29	645	43	132	-10	32
1.292	646	45	127	-7	17
1.294	647	46	120	-4	16
1.296	648	48	113	0	9
1.298	649	49	106	3	6
1.3	650	49	93	7	-1
1.302	651	50	86	10	-1
1.304	652	50	76	13	-10
1.306	653	50	63	17	4
1.308	654	49	51	20	-2
1.31	655	48	39	23	-4
1.312	656	47	27	26	-10
1.314	657	45	12	29	-12
1.316	658	44	0	32	-15
1.318	659	41	-13	34	-9
1.32	660	39	-23	36	-22
1.322	661	36	-36	38	-20
1.324	662	33	-49	40	-15
1.326	663	30	-62	42	-13
1.328	664	26	-75	43	-40
1.33	665	23	-88	45	-22
1.332	666	19	-101	46	-32
1.334	667	15	-111	46	-27
1.336	668	11	-123	47	-24
1.338	669	7	-132	47	-41
1.34	670	3	-141	47	-44
1.342	671	0	-144	46	-28
1.344	672	-5	-153	45	-41
1.346	673	-9	-162	45	-40
1.348	674	-13	-168	44	-45
1.35	675	-17	-171	42	-45
1.352	676	-21	-177	41	-36
1.354	677	-25	-180	39	-31
1.356	678	-28	-180	37	-40
1.358	679	-32	-183	35	-29
1.36	680	-35	-183	33	-25
1.362	681	-38	-184	31	-15
1.364	682	-40	-179	28	-9
1.366	683	-42	-174	25	-20
1.368	684	-44	-169	22	3
1.37	685	-46	-164	19	27
1.372	686	-47	-156	16	12
1.374	687	-48	-148	13	20
1.376	688	-49	-140	10	16
1.378	689	-49	-130	7	18
1.38	690	-49	-117	3	46
1.382	691	-48	-104	0	39
1.384	692	-47	-91	-3	24
1.386	693	-46	-78	-6	53
1.388	694	-44	-63	-9	46
1.39	695	-42	-48	-12	51
1.392	696	-40	-33	-15	53
1.394	697	-37	-18	-17	44
1.396	698	-34	0	-20	41
1.398	699	-31	13	-22	61
1.4	700	-28	26	-24	46
1.402	701	-24	39	-25	51
1.404	702	-20	55	-27	58
1.406	703	-16	68	-28	54
1.408	704	-12	81	-29	62
1.41	705	-8	91	-29	72
1.412	706	-3	106	-30	59
1.414	707	0	112	-30	63
1.416	708	5	124	-30	74
1.418	709	9	130	-29	67
1.42	710	14	142	-29	66
1.422	711	18	148	-28	71
1.424	712	22	151	-26	61
1.426	713	26	157	-25	72
1.428	714	30	160	-23	77
1.43	715	33	160	-21	63
1.432	716	36	160	-19	60
1.434	717	39	157	-16	55
1.436	718	42	158	-14	46
1.438	719	44	153	-11	42
1.44	720	46	148	-8	33
1.442	721	48	143	-5	16
1.444	722	49	135	-2	18
1.446	723	50	127	1	16
1.448	724	50	116	4	3
1.45	725	50	106	7	0
1.452	726	49	90	11	-22
1.454	727	49	80	14	-27
1.456	728	47	64	17	-23
1.458	729	46	51	20	-32
1.46	730	44	36	23	-44
1.462	731	41	21	25	-38
1.464	732	38	3	28	-39
1.466	733	35	-14	31	-29
1.468	734	32	-28	33	-48
1.47	735	28	-44	35	-62
1.472	736	24	-60	37	-41
1.474	737	20	-76	39	-29
1.476	738	16	-89	40	-38
1.478	739	11	-105	41	-32
1.48	740	7	-118	42	-47
1.482	741	2	-130	42	-41
1.484	742	-2	-139	42	-30
1.486	743	-6	-148	42	-45
1.488	744	-11	-157	41	-56
1.49	745	-15	-163	40	-51
1.492	746	-20	-172	39	-51
1.494	747	-24	-178	38	-50
1.496	748	-28	-181	36	-49
1.498	749	-32	-184	34	-66
1.5	750	-35	-184	32	-56
1.502	751	-38	-181	29	-51
1.504	752	-41	-182	27	-57
1.506	753	-43	-177	24	-60
1.508	754	-45	-172	21	-66
1.51	755	-47	-167	18	-58
1.512	756	-48	-159	15	-34
1.514	757	-49	-148	11	-43
1.516	758	-49	-137	8	-35
1.518	759	-49	-124	4	-31
1.52	760	-48	-111	1	-12
1.522	761	-47	-95	-3	-3
1.524	762	-46	-79	-7	1
1.526	763	-44	-63	-10	3
1.528	764	-41	-42	-14	15
1.53	765	-38	-24	-17	29
1.532	766	-35	-6	-20	51
1.534	767	-32	10	-23	42
1.536	768	-28	29	-26	49
1.538	769	-24	45	-28	56
1.54	770	-20	64	-31	59
1.542	771	-15	83	-33	64
1.544	772	-11	96	-34	53
1.546	773	-6	114	-36	50
1.548	774	-1	129	-37	59
1.55	775	3	141	-38	54
1.552	776	8	153	-38	46
1.554	777	13	168	-39	56
1.556	778	17	177	-39	43
1.558	779	22	189	-39	43
1.56	780	26	195	-38	37
1.562	781	30	200	-37	21
1.564	782	34	200	-36	18
1.566	783	37	200	-34	21
1.568	784	40	200	-32	19
1.57	785	43	200	-30	17
1.572	786	45	197	-28	19
1.574	787	47	194	-26	13
1.576	788	49	188	-23	19
1.578	789	50	180	-20	19
1.58	790	50	169	-17	8
1.582	791	50	158	-14	3
1.584	792	49	144	-11	5
1.586	793	48	131	-8	3
1.588	794	47	115	-4	-18
1.59	795	45	99	-1	-11
1.592	796	42	80	2	-7
1.594	797	39	62	5	2
1.596	798	36	44	8	-10
1.598	799	33	26	11	-6
1.6	800	29	5	14	-30
1.602	801	24	-17	17	-35
1.604	802	20	-33	19	-38
1.606	803	15	-52	21	-52
1.608	804	10	-71	23	-59
1.61	805	5	-90	25	-63
1.612	806	0	-105	26	-56
1.614	807	-4	-117	27	-58
1.616	808	-9	-129	27	-56
1.618	809	-14	-141	27	-83
1.62	810	-19	-153	27	-73
1.622	811	-23	-162	27	-81
1.624	812	-28	-171	26	-89
1.626	813	-32	-177	25	-91
1.628	814	-35	-180	24	-88
1.63	815	-39	-183	22	-82
1.632	816	-42	-183	20	-66
1.634	817	-44	-180	18	-59
1.636	818	-46	-177	16	-57
1.638	819	-48	-171	13	-53
1.64	820	-48	-163	11	-41
1.642	821	-49	-155	8	-35
1.644	822	-49	-144	5	-22
1.646	823	-48	-130	2	-27
1.648	824	-47	-113	-2	-7
1.65	825	-46	-100	-5	12
1.652	826	-43	-81	-8	27
1.654	827	-41	-62	-12	42
1.656	828	-38	-43	-15	31
1.658	829	-34	-22	-18	45
1.66	830	-30	-1	-21	56
1.662	831	-26	19	-24	40
1.664	832	-22	38	-27	40
1.666	833	-17	57	-29	40
1.668	834	-12	76	-31	41
1.67	835	-7	95	-33	54
1.672	836	-1	114	-34	49
1.674	837	3	126	-35	36
1.676	838	8	141	-36	46
1.678	839	13	156	-37	57
1.68	840	18	168	-37	49
1.682	841	23	180	-37	31
1.684	842	28	189	-36	17
1.686	843	32	198	-36	18
1.688	844	36	200	-35	32
1.69	845	39	200	-33	39
1.692	846	42	200	-31	32
1.694	847	45	200	-29	33
1.696	848	47	197	-27	51
1.698	849	49	194	-25	44
1.7	850	50	186	-22	49
1.702	851	50	175	-19	31
1.704	852	50	164	-16	29
1.706	853	49	150	-13	31
1.708	854	48	136	-10	39
1.71	855	46	117	-6	29
1.712	856	44	101	-3	24
1.714	857	41	82	0	23
1.716	858	37	61	3	24
1.718	859	34	43	6	14
1.72	860	29	19	9	-10
1.722	861	25	-1	12	-37
1.724	862	20	-20	14	-37
1.726	863	15	-42	17	-29
1.728	864	10	-61	19	-32
1.73	865	4	-83	21	-43
1.732	866	0	-98	23	-47
1.734	867	-5	-116	25	-53
1.736	868	-11	-134	26	-40
1.738	869	-16	-149	27	-59
1.74	870	-21	-164	28	-81
1.742	871	-26	-176	28	-79
1.744	872	-30	-185	28	-65
1.746	873	-34	-191	27	-60
1.748	874	-38	-197	26	-60
1.75	875	-41	-200	25	-56
1.752	876	-44	-200	24	-44
1.754	877	-46	-200	23	-27
1.756	878	-48	-197	21	-26
1.758	879	-49	-191	19	-35
1.76	880	-49	-179	16	-30
1.762	881	-49	-168	13	-23
1.764	882	-48	-157	11	-5
1.766	883	-46	-140	8	9
1.768	884	-44	-123	5	12
1.77	885	-42	-107	2	22
1.772	886	-39	-88	-1	32
1.774	887	-35	-66	-4	42
1.776	888	-31	-44	-7	41
1.778	889	-27	-26	-9	27
1.78	890	-22	-2	-12	50
1.782	891	-17	21	-15	40
1.784	892	-11	43	-17	51
1.786	893	-6	62	-19	36
1.788	894	0	84	-21	40
1.79	895	4	100	-23	42
1.792	896	10	118	-24	60
1.794	897	15	133	-25	49
1.796	898	21	151	-26	37
1.798	899	26	163	-26	45
1.8	900	30	172	-26	43
1.802	901	35	181	-25	52
1.804	902	39	190	-25	48
1.806	903	42	193	-24	42
1.808	904	45	193	-22	48
1.81	905	47	190	-20	59
1.812	906	49	190	-19	63
1.814	907	50	181	-16	59
1.816	908	50	172	-14	51
1.818	909	50	161	-11	47
1.82	910	49	147	-8	50
1.822	911	47	130	-5	50
1.824	912	45	113	-2	33
1.826	913	42	94	1	35
1.828	914	39	75	4	29
1.83	915	35	53	7	26
1.832	916	31	32	10	14
1.834	917	26	8	13	-1
1.836	918	21	-15	16	-10
1.838	919	16	-37	19	-22
1.84	920	10	-59	21	-26
1.842	921	4	-81	23	-46
1.844	922	-1	-100	25	-46
1.846	923	-6	-118	27	-51
1.848	924	-12	-139	29	-50
1.85	925	-18	-157	30	-52
1.852	926	-23	-169	30	-62
1.854	927	-28	-184	31	-61
1.856	928	-32	-193	31	-58
1.858	929	-36	-199	30	-55
1.86	930	-40	-200	30	-57
1.862	931	-43	-200	29	-59
1.864	932	-46	-200	28	-51
1.866	933	-47	-194	26	-40
1.868	934	-49	-191	24	-25
1.87	935	-49	-183	22	-27
1.872	936	-49	-175	20	-18
1.874	937	-48	-164	18	-12
1.876	938	-46	-150	16	1
1.878	939	-44	-133	13	9
1.88	940	-41	-114	10	8
1.882	941	-38	-95	7	14
1.884	942	-34	-73	4	27
1.886	943	-29	-52	2	35
1.888	944	-24	-28	-1	38
1.89	945	-19	-4	-4	35
1.892	946	-13	21	-7	42
1.894	947	-8	40	-9	40
1.896	948	-2	62	-11	44
1.898	949	3	81	-13	41
1.9	950	9	102	-15	35
1.902	951	15	123	-17	38
1.904	952	21	141	-18	43
1.906	953	26	153	-18	44
1.908	954	31	168	-19	40
1.91	955	35	177	-19	42
1.912	956	39	186	-19	40
1.914	957	43	195	-19	43
1.916	958	46	198	-18	41
1.918	959	48	195	-16	36
1.92	960	49	192	-15	40
1.922	961	50	186	-13	41
1.924	962	50	177	-11	45
1.926	963	49	165	-9	41
1.928	964	48	151	-6	38
1.93	965	46	134	-3	33
1.932	966	43	117	-1	33
1.934	967	39	94	2	25
1.936	968	35	72	5	15
1.938	969	31	53	7	9
1.94	970	26	28	10	-2
1.942	971	20	4	12	-2
1.944	972	15	-19	15	-18
1.946	973	9	-42	17	-34
1.948	974	3	-67	20	-28
1.95	975	-2	-86	22	-36
1.952	976	-9	-108	23	-38
1.954	977	-14	-127	25	-43
1.956	978	-20	-145	26	-55
1.958	979	-26	-163	27	-58
1.96	980	-31	-175	27	-58
1.962	981	-35	-184	27	-65
1.964	982	-39	-190	26	-66
1.966	983	-42	-196	26	-64
1.968	984	-45	-199	25	-64
1.97	985	-47	-199	24	-53
1.972	986	-48	-193	22	-52
1.974	987	-49	-187	20	-54
1.976	988	-49	-178	18	-43
1.978	989	-48	-167	16	-40
1.98	990	-46	-153	14	-29
1.982	991	-43	-133	11	-27
1.984	992	-40	-114	8	-17
1.986	993	-36	-95	6	-6
1.988	994	-32	-76	4	7
1.99	995	-27	-51	1	13
1.992	996	-22	-27	-2	26
1.994	997	-16	0	-5	25
1.996	998	-10	22	-7	36
1.998	999	-4	47	-10	41
2	1000	2	69	-12	43
2.002	1001	8	91	-14	46
2.004	1002	14	112	-16	46
2.006	1003	20	133	-18	49
2.008	1004	26	151	-19	48
2.01	1005	31	166	-20	52
2.012	1006	35	175	-20	43
2.014	1007	40	190	-21	48
2.016	1008	43	196	-21	41
2.018	1009	46	199	-20	35
2.02	1010	48	200	-20	38
2.022	1011	49	194	-18	30
2.024	1012	50	191	-17	29
2.026	1013	50	182	-15	28
2.028	1014	49	170	-13	24
2.03	1015	47	156	-11	20
2.032	1016	44	139	-9	17
2.034	1017	41	119	-6	9
2.036	1018	37	100	-4	7
2.038	1019	32	75	-1	-1
2.04	1020	27	50	2	-4
2.042	1021	21	26	4	-13
2.044	1022	15	0	7	-11
2.046	1023	9	-23	9	-17
2.048	1024	3	-45	11	-22
2.05	1025	-3	-67	13	-29
2.052	1026	-9	-89	15	-21
2.054	1027	-15	-111	17	-38
2.056	1028	-21	-129	18	-38
2.058	1029	-27	-147	19	-45
2.06	1030	-32	-159	19	-47
2.062	1031	-36	-171	20	-53
2.064	1032	-40	-180	20	-48
2.066	1033	-44	-189	20	-53
2.068	1034	-46	-189	19	-54
2.07	1035	-48	-189	18	-54
2.072	1036	-49	-186	17	-53
2.074	1037	-49	-177	15	-54
2.076	1038	-48	-166	13	-50
2.078	1039	-46	-152	11	-50
2.08	1040	-44	-138	9	-42
2.082	1041	-41	-121	7	-31
2.084	1042	-37	-99	4	-28
2.086	1043	-32	-77	2	-17
2.088	1044	-27	-52	-1	-9
2.09	1045	-21	-25	-4	0
2.092	1046	-15	-1	-6	13
2.094	1047	-9	22	-8	19
2.096	1048	-3	47	-11	28
2.098	1049	3	69	-13	30
2.1	1050	10	94	-15	46
2.102	1051	16	113	-16	49
2.104	1052	22	134	-18	56
2.106	1053	28	152	-19	62
2.108	1054	33	167	-20	61
2.11	1055	38	179	-20	63
2.112	1056	42	188	-20	61
2.114	1057	45	191	-19	59
2.116	1058	47	194	-19	46
2.118	1059	49	194	-18	51
2.12	1060	50	191	-17	44
2.122	1061	50	182	-15	40
2.124	1062	49	173	-14	35
2.126	1063	47	159	-12	26
2.128	1064	44	142	-10	17
2.13	1065	41	122	-7	12
2.132	1066	37	103	-5	2
2.134	1067	32	78	-2	-10
2.136	1068	26	53	0	-13
2.138	1069	20	26	3	-21
2.14	1070	14	2	5	-21
2.142	1071	7	-27	8	-26
2.144	1072	1	-49	10	-30
2.146	1073	-5	-71	12	-30
2.148	1074	-12	-96	14	-33
2.15	1075	-18	-115	15	-33
2.152	1076	-24	-136	17	-44
2.154	1077	-30	-151	17	-46
2.156	1078	-35	-166	18	-45
2.158	1079	-39	-175	18	-43
2.16	1080	-43	-184	18	-40
2.162	1081	-46	-187	17	-42
2.164	1082	-48	-190	17	-38
2.166	1083	-49	-187	16	-38
2.168	1084	-49	-178	14	-30
2.17	1085	-48	-169	13	-32
2.172	1086	-47	-158	11	-29
2.174	1087	-44	-141	9	-25
2.176	1088	-41	-124	7	-16
2.178	1089	-36	-101	5	-16
2.18	1090	-32	-82	3	-9
2.182	1091	-26	-54	0	-5
2.184	1092	-20	-30	-2	6
2.186	1093	-14	-3	-5	11
2.188	1094	-7	23	-7	14
2.19	1095	0	48	-9	16
2.192	1096	6	70	-11	24
2.194	1097	12	92	-13	28
2.196	1098	19	114	-14	37
2.198	1099	25	132	-15	40
2.2	1100	31	150	-16	42
2.202	1101	36	165	-17	51
2.204	1102	40	174	-17	54
2.206	1103	44	186	-18	56
2.208	1104	47	192	-18	52
2.21	1105	49	192	-17	53
2.212	1106	50	189	-16	53
2.214	1107	50	183	-15	46
2.216	1108	49	171	-13	43
2.218	1109	47	157	-11	47
2.22	1110	44	140	-9	42
2.222	1111	41	123	-7	41
2.224	1112	36	100	-5	37
2.226	1113	31	75	-2	20
2.228	1114	25	50	0	13
2.23	1115	19	23	3	2
2.232	1116	12	-3	5	-11
2.234	1117	5	-32	8	-18
2.236	1118	-1	-54	10	-18
2.238	1119	-8	-79	12	-28
2.24	1120	-15	-101	13	-28
2.242	1121	-21	-123	15	-37
2.244	1122	-27	-141	16	-44
2.246	1123	-33	-159	17	-54
2.248	1124	-38	-174	18	-58
2.25	1125	-42	-183	18	-62
2.252	1126	-45	-189	18	-62
2.254	1127	-47	-192	18	-60
2.256	1128	-49	-192	17	-57
2.258	1129	-49	-186	16	-48
2.26	1130	-48	-177	15	-38
2.262	1131	-47	-168	14	-36
2.264	1132	-44	-151	12	-30
2.266	1133	-41	-134	10	-24
2.268	1134	-36	-111	8	-17
2.27	1135	-31	-89	6	-13
2.272	1136	-25	-61	3	2
2.274	1137	-19	-36	1	10
2.276	1138	-12	-9	-1	23
2.278	1139	-5	17	-3	37
2.28	1140	1	42	-6	41
2.282	1141	8	67	-8	48
2.284	1142	15	89	-9	49
2.286	1143	22	114	-11	49
2.288	1144	28	132	-12	54
2.29	1145	33	147	-13	47
2.292	1146	38	162	-14	57
2.294	1147	43	174	-14	39
2.296	1148	46	180	-14	60
2.298	1149	48	183	-14	61
2.3	1150	50	183	-13	54
2.302	1151	50	177	-12	48
2.304	1152	49	168	-11	46
2.306	1153	47	154	-9	32
2.308	1154	45	140	-7	30
2.31	1155	41	120	-5	16
2.312	1156	36	97	-3	10
2.314	1157	31	72	0	21
2.316	1158	25	47	2	11
2.318	1159	19	23	4	13
2.32	1160	12	-3	6	2
2.322	1161	4	-32	8	-13
2.324	1162	-2	-54	10	-23
2.326	1163	-9	-79	12	-29
2.328	1164	-16	-104	14	-42
2.33	1165	-23	-126	15	-40
2.332	1166	-29	-144	16	-41
2.334	1167	-35	-162	17	-40
2.336	1168	-39	-174	18	-34
2.338	1169	-43	-183	18	-35
2.34	1170	-46	-189	18	-42
2.342	1171	-48	-192	18	-43
2.344	1172	-49	-189	17	-44
2.346	1173	-49	-183	16	-48
2.348	1174	-47	-168	14	-44
2.35	1175	-45	-157	13	-40
2.352	1176	-42	-140	11	-27
2.354	1177	-37	-117	9	-14
2.356	1178	-32	-95	7	-9
2.358	1179	-26	-70	5	-2
2.36	1180	-20	-45	3	2
2.362	1181	-13	-15	0	9
2.364	1182	-6	11	-2	12
2.366	1183	1	37	-4	16
2.368	1184	8	62	-6	20
2.37	1185	15	84	-7	33
2.372	1186	22	109	-9	46
2.374	1187	29	133	-11	56
2.376	1188	34	148	-12	56
2.378	1189	39	160	-12	58
2.38	1190	44	175	-13	59
2.382	1191	47	181	-13	40
2.384	1192	49	184	-13	55
2.386	1193	50	181	-12	40
2.388	1194	50	175	-11	54
2.39	1195	49	166	-10	51
2.392	1196	46	152	-9	58
2.394	1197	43	135	-7	41
2.396	1198	39	115	-5	45
2.398	1199	33	90	-3	23
2.4	1200	28	68	-1	14
2.402	1201	21	40	1	5
2.404	1202	14	13	3	-9
2.406	1203	6	-16	5	-18
2.408	1204	0	-39	7	-18
2.41	1205	-8	-67	9	-23
2.412	1206	-15	-92	11	-27
2.414	1207	-22	-117	13	-34
2.416	1208	-28	-135	14	-34
2.418	1209	-34	-153	15	-33
2.42	1210	-39	-165	15	-54
2.422	1211	-43	-174	15	-64
2.424	1212	-46	-183	16	-68
2.426	1213	-48	-186	16	-66
2.428	1214	-49	-183	15	-53
2.43	1215	-49	-177	14	-48
2.432	1216	-47	-165	13	-44
2.434	1217	-44	-148	11	-35
2.436	1218	-41	-134	10	-26
2.438	1219	-36	-111	8	-26
2.44	1220	-31	-89	6	-21
2.442	1221	-24	-61	4	-22
2.444	1222	-17	-30	1	-15
2.446	1223	-10	-3	-1	7
2.448	1224	-2	26	-3	21
2.45	1225	4	48	-5	27
2.452	1226	12	76	-7	37
2.454	1227	19	101	-9	51
2.456	1228	26	123	-10	62
2.458	1229	32	141	-11	38
2.46	1230	38	159	-12	43
2.462	1231	42	168	-12	50
2.464	1232	46	180	-13	56
2.466	1233	48	183	-13	67
2.468	1234	50	186	-13	60
2.47	1235	50	180	-12	55
2.472	1236	49	171	-11	58
2.474	1237	47	159	-10	53
2.476	1238	43	139	-8	33
2.478	1239	39	119	-6	17
2.48	1240	33	96	-5	8
2.482	1241	27	71	-3	1
2.484	1242	20	43	-1	7
2.486	1243	13	16	1	-10
2.488	1244	5	-13	3	-19
2.49	1245	-2	-39	5	-18
2.492	1246	-9	-64	7	-24
2.494	1247	-17	-92	9	-35
2.496	1248	-24	-117	11	-55
2.498	1249	-30	-135	12	-54
2.5	1250	-36	-153	13	-43
2.502	1251	-41	-165	13	-45
2.504	1252	-45	-174	13	-56
2.506	1253	-47	-177	13	-54
2.508	1254	-49	-177	12	-56
2.51	1255	-49	-174	12	-42
2.512	1256	-48	-165	11	-38
2.514	1257	-46	-151	9	-51
2.516	1258	-42	-134	8	-47
2.518	1259	-38	-114	6	-29
2.52	1260	-32	-92	5	-20
2.522	1261	-26	-67	3	-13
2.524	1262	-19	-36	0	-9
2.526	1263	-12	-9	-2	-5
2.528	1264	-4	20	-4	19
2.53	1265	3	46	-6	27
2.532	1266	11	74	-8	19
2.534	1267	19	99	-9	20
2.536	1268	26	124	-11	23
2.538	1269	32	142	-12	42
2.54	1270	38	157	-12	59
2.542	1271	43	172	-13	52
2.544	1272	46	178	-13	52
2.546	1273	49	181	-12	67
2.548	1274	50	181	-12	59
2.55	1275	50	175	-11	58
2.552	1276	48	163	-10	43
2.554	1277	46	152	-9	31
2.556	1278	42	135	-8	33
2.558	1279	37	112	-6	34
2.56	1280	31	87	-4	24
2.562	1281	25	65	-3	13
2.564	1282	17	34	-1	10
2.566	1283	10	7	1	-4
2.568	1284	2	-22	3	-8
2.57	1285	-5	-48	5	-30
2.572	1286	-13	-76	7	-48
2.574	1287	-21	-101	8	-43
2.576	1288	-28	-126	10	-48
2.578	1289	-34	-144	11	-47
2.58	1290	-39	-156	11	-45
2.582	1291	-44	-171	12	-49
2.584	1292	-47	-177	12	-46
2.586	1293	-48	-177	12	-49
2.588	1294	-49	-177	12	-58
2.59	1295	-48	-168	11	-65
2.592	1296	-46	-156	10	-59
2.594	1297	-43	-139	8	-52
2.596	1298	-38	-119	7	-36
2.598	1299	-33	-96	5	-23
2.6	1300	-26	-68	3	-18
2.602	1301	-19	-40	1	-3
2.604	1302	-11	-13	0	10
2.606	1303	-3	19	-3	11
2.608	1304	4	45	-5	14
2.61	1305	12	70	-6	15
2.612	1306	20	98	-8	34
2.614	1307	27	120	-9	46
2.616	1308	34	141	-10	38
2.618	1309	39	156	-11	52
2.62	1310	44	168	-11	63
2.622	1311	47	177	-12	74
2.624	1312	49	180	-12	74
2.626	1313	50	180	-12	66
2.628	1314	49	171	-11	46
2.63	1315	47	159	-10	52
2.632	1316	44	145	-9	45
2.634	1317	40	125	-7	36
2.636	1318	34	102	-6	28
2.638	1319	28	77	-4	26
2.64	1320	21	49	-2	18
2.642	1321	13	19	0	18
2.644	1322	5	-10	2	-3
2.646	1323	-3	-39	4	-26
2.648	1324	-11	-67	6	-33
2.65	1325	-19	-92	7	-37
2.652	1326	-26	-117	9	-45
2.654	1327	-33	-138	10	-55
2.656	1328	-38	-150	10	-42
2.658	1329	-43	-165	11	-56
2.66	1330	-46	-171	11	-46
2.662	1331	-48	-174	11	-61
2.664	1332	-49	-171	10	-66
2.666	1333	-48	-165	10	-63
2.668	1334	-46	-154	9	-51
2.67	1335	-43	-140	8	-51
2.672	1336	-38	-117	6	-40
2.674	1337	-32	-94	5	-28
2.676	1338	-25	-66	3	-16
2.678	1339	-18	-38	1	7
2.68	1340	-10	-11	0	8
2.682	1341	-2	18	-2	7
2.684	1342	6	47	-4	23
2.686	1343	14	72	-5	28
2.688	1344	22	100	-7	43
2.69	1345	29	122	-8	48
2.692	1346	36	143	-9	61
2.694	1347	41	158	-10	57
2.696	1348	45	167	-10	51
2.698	1349	48	173	-10	74
2.7	1350	50	173	-9	65
2.702	1351	50	170	-9	67
2.704	1352	49	161	-8	59
2.706	1353	46	147	-7	48
2.708	1354	42	130	-6	41
2.71	1355	37	107	-4	49
2.712	1356	30	82	-3	19
2.714	1357	23	54	-1	18
2.716	1358	15	23	1	7
2.718	1359	7	-6	3	-4
2.72	1360	-1	-35	5	-10
2.722	1361	-9	-63	7	-24
2.724	1362	-17	-88	8	-47
2.726	1363	-25	-116	10	-38
2.728	1364	-32	-137	11	-20
2.73	1365	-38	-155	12	-49
2.732	1366	-43	-167	12	-55
2.734	1367	-46	-173	12	-67
2.736	1368	-48	-176	12	-67
2.738	1369	-49	-173	11	-58
2.74	1370	-48	-167	11	-52
2.742	1371	-46	-156	10	-63
2.744	1372	-42	-139	9	-47
2.746	1373	-37	-119	8	-25
2.748	1374	-31	-93	6	-28
2.75	1375	-24	-65	4	-8
2.752	1376	-16	-37	3	-15
2.754	1377	-8	-7	1	-4
2.756	1378	0	22	-1	20
2.758	1379	8	48	-2	24
2.76	1380	17	79	-4	29
2.762	1381	24	104	-6	45
2.764	1382	32	129	-7	61
2.766	1383	38	147	-8	73
2.768	1384	43	159	-8	71
2.77	1385	47	168	-8	34
2.772	1386	49	171	-8	67
2.774	1387	50	171	-8	65
2.776	1388	49	162	-7	69
2.778	1389	47	150	-6	67
2.78	1390	44	136	-5	50
2.782	1391	39	116	-4	45
2.784	1392	33	90	-2	63
2.786	1393	26	65	-1	30
2.788	1394	18	34	1	6
2.79	1395	9	1	3	-6
2.792	1396	1	-28	5	-12
2.794	1397	-7	-57	7	-18
2.796	1398	-16	-85	8	-19
2.798	1399	-24	-113	10	-58
2.8	1400	-31	-135	11	-41
2.802	1401	-37	-153	12	-18
2.804	1402	-42	-165	12	-48
2.806	1403	-46	-174	12	-63
2.808	1404	-48	-177	12	-85
2.81	1405	-49	-177	12	-84
2.812	1406	-48	-168	11	-62
2.814	1407	-46	-156	10	-55
2.816	1408	-42	-139	9	-71
2.818	1409	-37	-119	8	-46
2.82	1410	-31	-93	6	-18
2.822	1411	-23	-65	5	-9
2.824	1412	-15	-34	3	3
2.826	1413	-7	-4	1	-17
2.828	1414	1	22	0	-7
2.83	1415	10	53	-2	29
2.832	1416	19	84	-4	38
2.834	1417	27	109	-5	43
2.836	1418	34	131	-6	56
2.838	1419	40	149	-7	77
2.84	1420	44	161	-8	66
2.842	1421	48	170	-8	80
2.844	1422	50	173	-8	60
2.846	1423	50	170	-8	63
2.848	1424	49	161	-7	70
2.85	1425	46	147	-6	70
2.852	1426	41	127	-5	48
2.854	1427	36	107	-4	46
2.856	1428	29	82	-3	42
2.858	1429	21	51	-1	35
2.86	1430	13	20	1	27
2.862	1431	4	-9	2	-12
2.864	1432	-4	-38	4	-25
2.866	1433	-13	-69	6	-28
2.868	1434	-21	-97	8	-38
2.87	1435	-29	-122	9	-57
2.872	1436	-36	-143	10	-35
2.874	1437	-41	-155	10	-52
2.876	1438	-45	-167	11	-64
2.878	1439	-48	-173	11	-57
2.88	1440	-49	-173	11	-77
2.882	1441	-48	-167	11	-85
2.884	1442	-46	-156	10	-64
2.886	1443	-42	-139	9	-77
2.888	1444	-37	-119	8	-55
2.89	1445	-31	-93	6	-31
2.892	1446	-23	-65	5	-31
2.894	1447	-15	-34	3	-5
2.896	1448	-6	-4	2	10
2.898	1449	2	25	0	5
2.9	1450	11	56	-2	20
2.902	1451	20	84	-3	33
2.904	1452	28	112	-5	39
2.906	1453	35	133	-6	64
2.908	1454	41	148	-6	63
2.91	1455	45	160	-7	52
2.912	1456	48	166	-7	86
2.914	1457	50	169	-7	86
2.916	1458	50	166	-7	84
2.918	1459	48	154	-6	79
2.92	1460	44	140	-6	58
2.922	1461	39	120	-5	47
2.924	1462	33	94	-3	52
2.926	1463	26	69	-2	26
2.928	1464	17	38	-1	12
2.93	1465	8	5	1	7
2.932	1466	0	-24	3	-9
2.934	1467	-9	-53	4	-10
2.936	1468	-18	-84	6	-22
2.938	1469	-26	-109	7	-62
2.94	1470	-33	-131	8	-67
2.942	1471	-39	-149	9	-37
2.944	1472	-44	-161	9	-73
2.946	1473	-47	-167	9	-78
2.948	1474	-49	-170	9	-83
2.95	1475	-49	-164	8	-81
2.952	1476	-47	-155	8	-66
2.954	1477	-43	-138	7	-47
2.956	1478	-38	-118	6	-78
2.958	1479	-32	-95	5	-50
2.96	1480	-24	-64	3	-26
2.962	1481	-16	-36	2	-25
2.964	1482	-7	-3	0	-3
2.966	1483	1	23	-1	-2
2.968	1484	10	55	-3	5
2.97	1485	19	86	-5	49
2.972	1486	28	114	-6	53
2.974	1487	35	135	-7	64
2.976	1488	41	153	-8	62
2.978	1489	46	165	-8	55
2.98	1490	49	171	-8	87
2.982	1491	50	171	-8	86
2.984	1492	50	165	-7	77
2.986	1493	47	153	-7	78
2.988	1494	44	139	-6	73
2.99	1495	38	116	-5	65
2.992	1496	32	93	-4	61
2.994	1497	24	62	-2	26
2.996	1498	15	31	-1	9
2.998	1499	6	-1	1	9
3	1500	-3	-30	2	-4
3.002	1501	-12	-61	4	-33
3.004	1502	-21	-89	5	-37
3.006	1503	-29	-117	7	-59
3.008	1504	-36	-139	8	-68
3.01	1505	-41	-151	8	-39
3.012	1506	-46	-166	9	-55
3.014	1507	-48	-169	9	-95
3.016	1508	-49	-169	9	-86
3.018	1509	-48	-160	8	-83
3.02	1510	-45	-149	8	-88
3.022	1511	-41	-132	7	-65
3.024	1512	-35	-109	6	-77
3.026	1513	-28	-81	4	-62
3.028	1514	-19	-50	3	-10
3.03	1515	-10	-16	1	-19
3.032	1516	-1	13	0	-3
3.034	1517	8	45	-2	5
3.036	1518	17	73	-3	25
3.038	1519	25	101	-5	40
3.04	1520	33	126	-6	69
3.042	1521	40	147	-7	71
3.044	1522	45	159	-7	42
3.046	1523	48	168	-8	88
3.048	1524	50	171	-8	99
3.05	1525	50	168	-8	101
3.052	1526	48	156	-7	87
3.054	1527	44	142	-7	84
3.056	1528	39	122	-6	61
3.058	1529	32	93	-4	75
3.06	1530	24	65	-3	44
3.062	1531	15	34	-2	9
3.064	1532	6	1	0	13
3.066	1533	-3	-28	1	-12
3.068	1534	-12	-59	3	-2
3.07	1535	-21	-87	4	-36
3.072	1536	-30	-115	5	-56
3.074	1537	-37	-137	6	-74
3.076	1538	-42	-152	7	-71
3.078	1539	-46	-161	7	-46
3.08	1540	-49	-167	7	-112
3.082	1541	-49	-164	7	-90
3.084	1542	-47	-152	6	-106
3.086	1543	-44	-141	6	-81
3.088	1544	-39	-121	5	-64
3.09	1545	-33	-98	4	-68
3.092	1546	-25	-67	2	-74
3.094	1547	-16	-36	1	-30
3.096	1548	-7	-6	0	-10
3.098	1549	2	26	-2	-4
3.1	1550	12	58	-3	10
3.102	1551	21	89	-5	24
3.104	1552	29	114	-6	38
3.106	1553	36	136	-7	89
3.108	1554	42	151	-7	89
3.11	1555	47	166	-8	53
3.112	1556	49	169	-8	76
3.114	1557	50	169	-8	107
3.116	1558	49	163	-8	115
3.118	1559	46	149	-7	97
3.12	1560	41	129	-6	84
3.122	1561	34	103	-5	51
3.124	1562	27	78	-4	91
3.126	1563	18	47	-3	53
3.128	1564	8	11	-1	10
3.13	1565	0	-15	0	-4
3.132	1566	-10	-47	1	-23
3.134	1567	-19	-78	3	-17
3.136	1568	-28	-106	4	-39
3.138	1569	-35	-128	5	-84
3.14	1570	-41	-146	6	-100
3.142	1571	-46	-161	7	-51
3.144	1572	-48	-164	7	-69
3.146	1573	-49	-164	7	-109
3.148	1574	-48	-158	7	-111
3.15	1575	-44	-141	6	-117
3.152	1576	-39	-121	5	-82
3.154	1577	-33	-98	4	-52
3.156	1578	-25	-70	3	-80
3.158	1579	-16	-39	2	-73
3.16	1580	-6	-6	1	-16
3.162	1581	3	23	0	0
3.164	1582	12	55	-2	26
3.166	1583	22	86	-3	21
3.168	1584	30	114	-5	24
3.17	1585	37	133	-5	72
3.172	1586	43	151	-6	115
3.174	1587	47	160	-6	66
3.176	1588	50	166	-6	70
3.178	1589	50	163	-6	111
3.18	1590	48	151	-5	118
3.182	1591	44	137	-5	135
3.184	1592	39	117	-4	107
3.186	1593	32	91	-3	47
3.188	1594	24	63	-2	79
3.19	1595	15	32	-1	62
3.192	1596	5	0	0	21
3.194	1597	-4	-32	2	-7
3.196	1598	-14	-63	3	-44
3.198	1599	-23	-94	5	-35
3.2	1600	-32	-122	6	-12
3.202	1601	-38	-137	6	-84
3.204	1602	-44	-155	7	-111
3.206	1603	-47	-161	7	-67
3.208	1604	-49	-164	7	-98
3.21	1605	-48	-155	6	-100
3.212	1606	-46	-147	6	-124
3.214	1607	-42	-130	5	-145
3.216	1608	-36	-107	4	-102
3.218	1609	-28	-79	3	-43
3.22	1610	-19	-48	2	-74
3.222	1611	-10	-17	1	-51
3.224	1612	0	15	0	-25
3.226	1613	10	47	-1	0
3.228	1614	19	78	-3	47
3.23	1615	28	106	-4	45
3.232	1616	36	131	-5	20
3.234	1617	42	149	-6	84
3.236	1618	47	161	-6	127
3.238	1619	49	164	-6	80
3.24	1620	50	164	-6	135
3.242	1621	48	152	-5	107
3.244	1622	45	141	-5	121
3.246	1623	40	121	-4	156
3.248	1624	33	95	-3	113
3.25	1625	24	64	-2	45
3.252	1626	15	33	-1	76
3.254	1627	5	-2	1	29
3.256	1628	-4	-31	2	19
3.258	1629	-14	-63	3	4
3.26	1630	-24	-94	4	-60
3.262	1631	-32	-122	6	-52
3.264	1632	-39	-140	6	-38
3.266	1633	-44	-155	7	-123
3.268	1634	-48	-164	7	-64
3.27	1635	-49	-164	7	-120
3.272	1636	-48	-158	7	-135
3.274	1637	-45	-147	7	-124
3.276	1638	-41	-130	6	-121
3.278	1639	-34	-104	5	-151
3.28	1640	-26	-76	4	-82
3.282	1641	-17	-45	3	-72
3.284	1642	-7	-11	2	-68
3.286	1643	3	21	1	-10
3.288	1644	13	53	0	-19
3.29	1645	22	81	-1	11
3.292	1646	31	112	-3	59
3.294	1647	38	134	-4	54
3.296	1648	44	149	-4	80
3.298	1649	48	161	-5	136
3.3	1650	50	164	-5	77
3.302	1651	50	161	-5	141
3.304	1652	47	146	-4	154
3.306	1653	43	132	-4	136
3.308	1654	36	106	-3	132
3.31	1655	28	78	-2	136
3.312	1656	19	47	-1	52
3.314	1657	9	13	0	95
3.316	1658	0	-16	1	31
3.318	1659	-10	-48	2	-6
3.32	1660	-20	-79	3	0
3.322	1661	-29	-107	4	-32
3.324	1662	-37	-132	5	-70
3.326	1663	-43	-150	6	-64
3.328	1664	-47	-159	6	-144
3.33	1665	-49	-162	6	-82
3.332	1666	-49	-156	5	-120
3.334	1667	-46	-145	5	-142
3.336	1668	-42	-128	4	-173
3.338	1669	-36	-108	4	-130
3.34	1670	-28	-80	3	-151
3.342	1671	-18	-46	2	-80
3.344	1672	-8	-12	1	-84
3.346	1673	1	17	0	-76
3.348	1674	11	49	-1	-19
3.35	1675	21	80	-2	14
3.352	1676	30	108	-3	30
3.354	1677	38	133	-4	61
3.356	1678	44	151	-5	60
3.358	1679	48	160	-5	109
3.36	1680	50	163	-5	136
3.362	1681	50	157	-4	111
3.364	1682	47	146	-4	152
3.366	1683	42	126	-3	161
3.368	1684	36	106	-3	160
3.37	1685	28	78	-2	164
3.372	1686	18	44	-1	123
3.374	1687	8	10	0	58
3.376	1688	-1	-19	1	78
3.378	1689	-12	-54	2	26
3.38	1690	-22	-85	3	-4
3.382	1691	-31	-113	4	-43
3.384	1692	-38	-135	5	-69
3.386	1693	-44	-153	6	-81
3.388	1694	-47	-159	6	-89
3.39	1695	-49	-162	6	-136
3.392	1696	-48	-156	6	-93
3.394	1697	-45	-142	5	-184
3.396	1698	-40	-125	5	-164
3.398	1699	-33	-99	4	-169
3.4	1700	-25	-71	3	-163
3.402	1701	-15	-37	2	-150
3.404	1702	-4	-1	1	-85
3.406	1703	5	28	0	-97
3.408	1704	16	63	-1	-30
3.41	1705	25	91	-2	-18
3.412	1706	34	116	-2	31
3.414	1707	41	141	-4	49
3.416	1708	46	153	-4	95
3.418	1709	49	159	-4	84
3.42	1710	50	156	-3	162
3.422	1711	48	147	-3	96
3.424	1712	45	133	-2	186
3.426	1713	39	113	-2	177
3.428	1714	31	84	-1	194
3.43	1715	22	53	0	167
3.432	1716	12	19	1	164
3.434	1717	1	-16	2	76
3.436	1718	-8	-42	2	91
3.438	1719	-19	-76	3	28
3.44	1720	-28	-104	4	-11
3.442	1721	-36	-126	4	-29
3.444	1722	-42	-144	5	-85
3.446	1723	-47	-156	5	-76
3.448	1724	-49	-159	5	-104
3.45	1725	-49	-153	4	-177
3.452	1726	-46	-142	4	-97
3.454	1727	-41	-122	3	-200
3.456	1728	-34	-96	2	-178
3.458	1729	-26	-68	1	-210
3.46	1730	-16	-37	1	-183
3.462	1731	-6	-4	0	-178
3.464	1732	4	28	-1	-90
3.466	1733	15	63	-2	-102
3.468	1734	25	94	-3	-42
3.47	1735	34	119	-3	-4
3.472	1736	41	140	-4	29
3.474	1737	46	155	-5	74
3.476	1738	49	161	-5	99
3.478	1739	50	161	-5	100
3.48	1740	48	152	-5	178
3.482	1741	44	138	-5	124
3.484	1742	38	115	-4	208
3.486	1743	30	86	-3	189
3.488	1744	21	55	-2	205
3.49	1745	11	21	-1	192
3.492	1746	0	-11	-1	182
3.494	1747	-10	-43	0	91
3.496	1748	-20	-74	1	76
3.498	1749	-30	-102	1	20
3.5	1750	-38	-127	2	-15
3.502	1751	-44	-142	2	-44
3.504	1752	-47	-151	3	-94
3.506	1753	-49	-151	2	-119
3.508	1754	-48	-145	2	-114
3.51	1755	-45	-131	1	-173
3.512	1756	-39	-111	1	-127
3.514	1757	-32	-85	0	-226
3.516	1758	-23	-54	-1	-205
3.518	1759	-13	-20	-2	-224
3.52	1760	-2	15	-3	-204
3.522	1761	8	44	-3	-203
3.524	1762	19	78	-4	-106
3.526	1763	29	109	-5	-115
3.528	1764	37	131	-5	-15
3.53	1765	43	146	-5	10
3.532	1766	48	158	-5	67
3.534	1767	50	164	-6	81
3.536	1768	49	155	-5	115
3.538	1769	47	147	-5	129
3.54	1770	41	124	-4	166
3.542	1771	34	98	-3	153
3.544	1772	25	67	-2	226
3.546	1773	15	33	-1	218
3.548	1774	4	-2	0	218
3.55	1775	-6	-34	1	207
3.552	1776	-17	-68	2	174
3.554	1777	-27	-96	2	96
3.556	1778	-35	-121	3	81
3.558	1779	-42	-140	3	-13
3.56	1780	-47	-152	3	-57
3.562	1781	-49	-155	3	-106
3.564	1782	-49	-149	2	-131
3.566	1783	-46	-138	2	-131
3.568	1784	-41	-118	1	-201
3.57	1785	-34	-92	0	-138
3.572	1786	-25	-61	-1	-169
3.574	1787	-15	-27	-2	-229
3.576	1788	-4	8	-3	-233
3.578	1789	7	43	-4	-226
3.58	1790	18	74	-4	-224
3.582	1791	28	105	-5	-185
3.584	1792	36	127	-5	-111
3.586	1793	43	148	-6	-82
3.588	1794	48	160	-6	6
3.59	1795	50	160	-5	46
3.592	1796	50	157	-5	103
3.594	1797	47	146	-5	133
3.596	1798	41	123	-4	163
3.598	1799	34	97	-3	200
3.6	1800	25	66	-2	166
3.602	1801	15	32	-1	200
3.604	1802	4	-3	0	236
3.606	1803	-7	-38	1	227
3.608	1804	-18	-72	2	217
3.61	1805	-28	-100	2	202
3.612	1806	-36	-122	2	125
3.614	1807	-43	-140	2	66
3.616	1808	-47	-149	2	51
3.618	1809	-49	-149	1	-45
3.62	1810	-48	-144	1	-77
3.622	1811	-45	-133	1	-117
3.624	1812	-39	-110	0	-156
3.626	1813	-32	-84	-1	-201
3.628	1814	-22	-50	-2	-143
3.63	1815	-12	-16	-3	-184
3.632	1816	-1	19	-4	-230
3.634	1817	10	54	-5	-228
3.636	1818	21	88	-6	-233
3.638	1819	30	113	-6	-233
3.64	1820	39	138	-6	-174
3.642	1821	45	153	-6	-128
3.644	1822	49	159	-5	-124
3.646	1823	50	159	-5	14
3.648	1824	49	151	-4	27
3.65	1825	45	137	-4	133
3.652	1826	39	111	-2	127
3.654	1827	30	79	-1	167
3.656	1828	21	48	0	176
3.658	1829	10	11	1	186
3.66	1830	-1	-24	2	231
3.662	1831	-12	-59	3	237
3.664	1832	-23	-90	3	204
3.666	1833	-32	-118	4	234
3.668	1834	-40	-139	4	211
3.67	1835	-45	-151	4	136
3.672	1836	-48	-154	3	48
3.674	1837	-49	-154	3	-44
3.676	1838	-47	-142	2	-89
3.678	1839	-42	-122	1	-42
3.68	1840	-35	-96	0	-131
3.682	1841	-26	-65	-1	-147
3.684	1842	-15	-28	-2	-194
3.686	1843	-4	7	-3	-194
3.688	1844	6	39	-4	-128
3.69	1845	18	73	-4	-234
3.692	1846	28	104	-5	-231
3.694	1847	37	129	-5	-233
3.696	1848	44	148	-5	-229
3.698	1849	48	157	-5	-199
3.7	1850	50	157	-4	-64
3.702	1851	49	151	-4	-92
3.704	1852	46	134	-2	27
3.706	1853	40	111	-1	124
3.708	1854	32	85	-1	110
3.71	1855	22	48	1	186
3.712	1856	11	11	2	161
3.714	1857	0	-24	3	139
3.716	1858	-11	-59	4	195
3.718	1859	-22	-93	5	233
3.72	1860	-32	-121	5	238
3.722	1861	-40	-145	6	191
3.724	1862	-45	-157	6	229
3.726	1863	-48	-163	6	206
3.728	1864	-49	-160	5	85
3.73	1865	-47	-148	4	-1
3.732	1866	-42	-128	3	-115
3.734	1867	-35	-102	2	-86
3.736	1868	-25	-68	1	-99
3.738	1869	-15	-34	0	-113
3.74	1870	-3	7	-2	-150
3.742	1871	7	36	-2	-223
3.744	1872	19	74	-3	-116
3.746	1873	29	105	-4	-168
3.748	1874	38	133	-5	-233
3.75	1875	44	148	-5	-233
3.752	1876	49	160	-5	-233
3.754	1877	50	160	-5	-212
3.756	1878	49	151	-4	-74
3.758	1879	45	134	-3	-78
3.76	1880	38	108	-2	-21
3.762	1881	30	77	0	151
3.764	1882	19	40	1	139
3.766	1883	8	4	2	187
3.768	1884	-3	-31	3	170
3.77	1885	-14	-65	4	112
3.772	1886	-25	-99	5	164
3.774	1887	-34	-124	5	186
3.776	1888	-42	-148	6	238
3.778	1889	-47	-160	6	208
3.78	1890	-49	-163	6	220
3.782	1891	-48	-157	6	174
3.784	1892	-45	-143	5	132
3.786	1893	-39	-117	3	-3
3.788	1894	-31	-88	2	-34
3.79	1895	-21	-51	0	-103
3.792	1896	-10	-17	0	-131
3.794	1897	1	21	-2	-84
3.796	1898	13	59	-3	-112
3.798	1899	24	93	-4	-226
3.8	1900	0	22	-5	-99
3.802	1901	0	21	-5	-161
3.804	1902	0	20	-5	-218
3.806	1903	0	19	-5	-227
3.808	1904	0	18	-5	-233
3.81	1905	0	17	-5	-233
3.812	1906	0	13	-4	-66
3.814	1907	0	12	-4	-29
3.816	1908	0	11	-4	-20
3.818	1909	0	7	-3	127
3.82	1910	0	6	-3	119
3.822	1911	0	5	-3	182
3.824	1912	0	2	-2	140
3.826	1913	0	2	-2	48
3.828	1914	0	2	-2	152
3.83	1915	0	2	-2	158
3.832	1916	0	0	-1	207
3.834	1917	0	0	-1	195
3.836	1918	0	0	-1	201
3.838	1919	0	3	-2	176
3.84	1920	0	3	-2	169
3.842	1921	0	3	-2	75
3.844	1922	0	6	-3	-22
3.846	1923	0	5	-3	-17
3.848	1924	0	5	-3	-80
3.85	1925	0	5	-3	-50
3.852	1926	0	5	-3	-49
3.854	1927	0	5	-3	-109
3.856	1928	0	2	-2	-102
3.858	1929	0	2	-2	-73
3.86	1930	0	2	-2	-156
3.862	1931	0	0	-1	-182
3.864	1932	0	0	-1	-209
3.866	1933	0	0	-1	-230
3.868	1934	0	-2	0	-139
3.87	1935	0	-1	0	-61
3.872	1936	0	-3	1	-71
3.874	1937	0	-2	1	35
3.876	1938	0	-1	1	44
3.878	1939	0	-4	2	66
3.88	1940	0	-3	2	105
3.882	1941	0	-6	3	55
3.884	1942	0	-5	3	29
3.886	1943	0	-5	3	130
3.888	1944	0	-5	3	104
3.89	1945	0	-5	3	181
3.892	1946	0	-5	3	172
3.894	1947	0	-5	3	160
3.896	1948	0	-5	3	182
3.898	1949	0	-2	2	159
3.9	1950	0	-2	2	37
3.902	1951	0	-2	2	3
3.904	1952	0	0	1	-40
3.906	1953	0	0	1	-65
3.908	1954	0	0	1	-45
3.91	1955	0	-3	2	-86
3.912	1956	0	0	1	-113
3.914	1957	0	0	1	-58
3.916	1958	0	2	0	-153
3.918	1959	0	1	0	-75
3.92	1960	0	0	0	-159
3.922	1961	0	0	0	-164
3.924	1962	0	-2	1	-174
3.926	1963	0	-1	1	-105
3.928	1964	0	-1	1	-112
3.93	1965	0	-1	1	-7
3.932	1966	0	-1	1	10
3.934	1967	0	-1	1	11
3.936	1968	0	-1	1	105
3.938	1969	0	-1	1	63
3.94	1970	0	-1	1	53
3.942	1971	0	-1	1	83
3.944	1972	0	1	0	92
3.946	1973	0	0	0	95
3.948	1974	0	0	0	128
3.95	1975	0	0	0	128
3.952	1976	0	0	0	158
3.954	1977	0	2	-1	168
3.956	1978	0	1	-1	93
3.958	1979	0	1	-1	19
3.96	1980	0	1	-1	-19
3.962	1981	0	4	-2	-46
3.964	1982	0	3	-2	-68
3.966	1983	0	3	-2	-59
3.968	1984	0	0	-1	-96
3.97	1985	0	0	-1	-62
3.972	1986	0	0	-1	-53
3.974	1987	0	0	-1	-129
3.976	1988	0	0	-1	-44
3.978	1989	0	0	-1	-124
3.98	1990	0	0	-1	-129
3.982	1991	0	0	-1	-130
3.984	1992	0	-2	0	-88
3.986	1993	0	-1	0	-82
3.988	1994	0	0	0	18
3.99	1995	0	0	0	15
3.992	1996	0	0	0	30
3.994	1997	0	0	0	103
3.996	1998	0	0	0	59
3.998	1999	0	0	0	57
