#SLFR RTP OL_Test
#t	n	u	v	$\theta$	a
0	0	0	0	0	2
0.002	1	0	0	0	1
0.004	2	0	0	0	1
0.006	3	0	0	0	2
0.008	4	0	0	0	1
0.01	5	0	0	0	1
0.012	6	0	0	0	1
0.014	7	0	0	0	2
0.016	8	0	0	0	2
0.018	9	0	0	0	1
0.02	10	0	0	0	1
0.022	11	0	0	0	2
0.024	12	0	0	0	2
0.026	13	1	2	0	2
0.028	14	1	1	0	2
0.03	15	1	1	0	2
0.032	16	1	1	0	2
0.034	17	1	1	0	1
0.036	18	1	1	0	2
0.038	19	1	1	0	1
0.04	20	1	1	0	2
0.042	21	1	1	0	1
0.044	22	2	4	0	1
0.046	23	2	3	0	2
0.048	24	2	3	0	2
0.05	25	2	3	0	2
0.052	26	2	3	0	2
0.054	27	2	3	0	1
0.056	28	2	3	0	2
0.058	29	3	6	0	2
0.06	30	3	5	0	1
0.062	31	3	5	0	1
0.064	32	3	5	0	2
0.066	33	3	5	0	2
0.068	34	4	8	0	2
0.07	35	4	7	0	1
0.072	36	4	7	0	2
0.074	37	4	7	0	1
0.076	38	5	7	1	1
0.078	39	5	7	1	2
0.08	40	5	7	1	1
0.082	41	5	7	1	1
0.084	42	6	10	1	2
0.086	43	6	9	1	1
0.088	44	6	9	1	1
0.09	45	6	9	1	1
0.092	46	7	12	1	1
0.094	47	7	11	1	0
0.096	48	7	11	1	0
0.098	49	8	14	1	0
0.1	50	8	13	1	1
0.102	51	8	13	1	0
0.104	52	8	13	1	-1
0.106	53	9	13	2	1
0.108	54	9	13	2	4
0.11	55	9	13	2	3
0.112	56	10	16	2	3
0.114	57	10	15	2	2
0.116	58	10	15	2	1
0.118	59	11	15	3	3
0.12	60	11	15	3	1
0.122	61	12	18	3	-1
0.124	62	12	17	3	0
0.126	63	12	17	3	0
0.128	64	13	17	4	0
0.13	65	13	17	4	1
0.132	66	14	20	4	-2
0.134	67	14	19	4	-2
0.136	68	14	16	5	-2
0.138	69	15	19	5	-3
0.14	70	15	19	5	-4
0.142	71	16	21	5	-5
0.144	72	16	18	6	-5
0.146	73	16	18	6	-3
0.148	74	17	21	6	-2
0.15	75	17	21	6	-3
0.152	76	18	21	7	-3
0.154	77	18	21	7	-3
0.156	78	19	23	7	-4
0.158	79	19	20	8	-3
0.16	80	20	23	8	-5
0.162	81	20	23	8	-3
0.164	82	21	25	8	-3
0.166	83	21	22	9	-2
0.168	84	21	22	9	-1
0.17	85	22	25	9	-2
0.172	86	22	22	10	-3
0.174	87	23	25	10	-3
0.176	88	23	25	10	-3
0.178	89	24	25	11	-5
0.18	90	24	25	11	-4
0.182	91	25	27	11	-5
0.184	92	25	27	11	-4
0.186	93	26	27	12	-3
0.188	94	26	27	12	-6
0.19	95	27	27	13	-5
0.192	96	27	27	13	-5
0.194	97	28	29	13	-7
0.196	98	28	26	14	-6
0.198	99	29	29	14	-6
0.2	100	29	29	14	-8
0.202	101	30	29	15	-6
0.204	102	30	29	15	-5
0.206	103	31	31	15	-7
0.208	104	31	28	16	-4
0.21	105	32	31	16	-7
0.212	106	32	28	17	-6
0.214	107	33	31	17	-5
0.216	108	33	31	17	-7
0.218	109	34	31	18	-6
0.22	110	34	31	18	-4
0.222	111	35	31	19	-7
0.224	112	35	31	19	-4
0.226	113	36	33	19	-4
0.228	114	36	30	20	-7
0.23	115	37	33	20	-5
0.232	116	37	30	21	-4
0.234	117	38	33	21	-7
0.236	118	38	30	22	-6
0.238	119	39	33	22	-6
0.24	120	39	33	22	-7
0.242	121	40	33	23	-4
0.244	122	40	33	23	-7
0.246	123	41	33	24	-7
0.248	124	41	33	24	-7
0.25	125	42	33	25	-5
0.252	126	42	33	25	-9
0.254	127	42	30	26	-4
0.256	128	43	33	26	-8
0.258	129	43	30	27	-7
0.26	130	44	33	27	-6
0.262	131	44	30	28	-4
0.264	132	44	30	28	-7
0.266	133	45	30	29	-3
0.268	134	45	30	29	-7
0.27	135	46	33	29	-5
0.272	136	46	30	30	-5
0.274	137	46	30	30	-5
0.276	138	47	30	31	-7
0.278	139	47	30	31	-4
0.28	140	47	27	32	-6
0.282	141	47	27	32	-2
0.284	142	48	27	33	-4
0.286	143	48	27	33	-5
0.288	144	48	24	34	-3
0.29	145	48	24	34	-4
0.292	146	49	24	35	-4
0.294	147	49	24	35	-4
0.296	148	49	21	36	-4
0.298	149	49	21	36	-4
0.3	150	49	21	36	-1
0.302	151	50	21	37	-5
0.304	152	50	21	37	-2
0.306	153	50	18	38	-6
0.308	154	50	18	38	0
0.31	155	50	15	39	-5
0.312	156	50	15	39	0
0.314	157	50	15	39	-6
0.316	158	50	12	40	1
0.318	159	50	12	40	-3
0.32	160	50	12	40	1
0.322	161	50	9	41	-3
0.324	162	50	9	41	3
0.326	163	50	9	41	-2
0.328	164	50	6	42	4
0.33	165	50	6	42	-2
0.332	166	49	3	42	1
0.334	167	49	0	43	1
0.336	168	49	0	43	3
0.338	169	49	0	43	1
0.34	170	48	-5	44	5
0.342	171	48	-4	44	1
0.344	172	48	-3	44	6
0.346	173	48	-5	45	6
0.348	174	47	-7	45	10
0.35	175	47	-6	45	11
0.352	176	46	-8	45	-2
0.354	177	46	-7	45	4
0.356	178	46	-6	45	1
0.358	179	45	-8	45	1
0.36	180	45	-7	45	5
0.362	181	44	-12	46	4
0.364	182	44	-11	46	3
0.366	183	43	-13	46	10
0.368	184	42	-15	46	8
0.37	185	42	-14	46	7
0.372	186	41	-16	46	8
0.374	187	40	-18	46	7
0.376	188	40	-17	46	7
0.378	189	39	-19	46	13
0.38	190	38	-21	46	9
0.382	191	38	-20	46	14
0.384	192	37	-22	46	17
0.386	193	36	-24	46	17
0.388	194	35	-26	46	17
0.39	195	34	-28	46	18
0.392	196	33	-30	46	15
0.394	197	32	-32	46	18
0.396	198	31	-34	46	19
0.398	199	30	-36	46	16
0.4	200	29	-38	46	18
0.402	201	28	-40	46	18
0.404	202	27	-42	46	18
0.406	203	26	-44	46	20
0.408	204	25	-43	45	18
0.41	205	24	-45	45	14
0.412	206	23	-47	45	16
0.414	207	22	-49	45	16
0.416	208	20	-54	45	15
0.418	209	19	-53	44	15
0.42	210	18	-55	44	15
0.422	211	17	-57	44	16
0.424	212	16	-56	43	19
0.426	213	14	-61	43	19
0.428	214	13	-63	43	18
0.43	215	12	-62	42	18
0.432	216	10	-67	42	19
0.434	217	9	-66	41	21
0.436	218	8	-68	41	22
0.438	219	6	-70	40	21
0.44	220	5	-72	40	25
0.442	221	4	-71	39	29
0.444	222	2	-76	39	29
0.446	223	1	-75	38	27
0.448	224	0	-77	38	26
0.45	225	-1	-76	37	27
0.452	226	-2	-75	36	26
0.454	227	-4	-77	35	25
0.456	228	-5	-79	35	26
0.458	229	-7	-81	34	27
0.46	230	-8	-80	33	30
0.462	231	-10	-82	32	28
0.464	232	-11	-84	32	26
0.466	233	-12	-83	31	26
0.468	234	-14	-86	30	26
0.47	235	-15	-85	29	26
0.472	236	-17	-88	28	22
0.474	237	-18	-87	27	25
0.476	238	-19	-87	26	24
0.478	239	-21	-90	25	27
0.48	240	-22	-92	25	28
0.482	241	-23	-91	24	30
0.484	242	-25	-94	23	27
0.486	243	-26	-93	22	27
0.488	244	-27	-93	21	29
0.49	245	-29	-96	20	30
0.492	246	-30	-95	19	28
0.494	247	-31	-92	17	30
0.496	248	-32	-92	16	29
0.498	249	-33	-92	15	33
0.5	250	-34	-92	14	32
0.502	251	-36	-95	13	31
0.504	252	-37	-95	12	32
0.506	253	-38	-95	11	30
0.508	254	-39	-95	10	30
0.51	255	-40	-92	8	30
0.512	256	-40	-89	7	29
0.514	257	-41	-89	6	31
0.516	258	-42	-89	5	29
0.518	259	-43	-89	4	28
0.52	260	-44	-86	2	27
0.522	261	-44	-83	1	27
0.524	262	-45	-83	0	26
0.526	263	-46	-83	-1	24
0.528	264	-46	-80	-2	23
0.53	265	-47	-80	-3	25
0.532	266	-47	-74	-5	22
0.534	267	-48	-74	-6	26
0.536	268	-48	-71	-7	25
0.538	269	-48	-68	-8	23
0.54	270	-49	-68	-9	23
0.542	271	-49	-65	-10	24
0.544	272	-49	-62	-11	23
0.546	273	-49	-59	-12	18
0.548	274	-49	-56	-13	24
0.55	275	-49	-53	-14	23
0.552	276	-49	-50	-15	22
0.554	277	-49	-47	-16	24
0.556	278	-48	-41	-17	21
0.558	279	-48	-38	-18	20
0.56	280	-48	-35	-19	18
0.562	281	-47	-29	-20	18
0.564	282	-47	-26	-21	16
0.566	283	-46	-23	-21	14
0.568	284	-46	-21	-22	14
0.57	285	-45	-16	-23	9
0.572	286	-44	-14	-23	10
0.574	287	-44	-12	-24	10
0.576	288	-43	-7	-25	10
0.578	289	-42	-5	-25	6
0.58	290	-41	-3	-25	4
0.582	291	-40	1	-26	1
0.584	292	-39	2	-26	1
0.586	293	-38	6	-27	-1
0.588	294	-37	7	-27	-4
0.59	295	-35	11	-27	-4
0.592	296	-34	15	-28	-7
0.594	297	-33	16	-28	-6
0.596	298	-31	23	-29	-5
0.598	299	-30	24	-29	-8
0.6	300	-28	28	-29	-13
0.602	301	-27	29	-29	-31
0.604	302	-25	33	-29	-13
0.606	303	-23	37	-29	-19
0.608	304	-22	38	-29	-12
0.61	305	-20	43	-29	-16
0.612	306	-18	47	-29	-17
0.614	307	-17	48	-29	-21
0.616	308	-15	52	-29	-14
0.618	309	-13	54	-28	-29
0.62	310	-11	58	-28	-29
0.622	311	-9	62	-28	-33
0.624	312	-7	66	-28	-33
0.626	313	-5	70	-28	-32
0.628	314	-3	74	-28	-28
0.63	315	-1	75	-27	-35
0.632	316	0	77	-27	-29
0.634	317	2	82	-27	-34
0.636	318	4	86	-27	-40
0.638	319	6	87	-26	-42
0.64	320	8	91	-26	-46
0.642	321	10	93	-25	-48
0.644	322	12	97	-25	-44
0.646	323	14	101	-25	-44
0.648	324	16	103	-24	-49
0.65	325	17	104	-24	-41
0.652	326	19	106	-23	-43
0.654	327	21	111	-23	-45
0.656	328	23	112	-22	-47
0.658	329	25	117	-22	-55
0.66	330	27	118	-21	-58
0.662	331	28	120	-21	-53
0.664	332	30	122	-20	-53
0.666	333	32	126	-20	-55
0.668	334	33	125	-19	-53
0.67	335	35	127	-18	-56
0.672	336	36	129	-18	-54
0.674	337	38	131	-17	-53
0.676	338	39	130	-16	-59
0.678	339	40	132	-16	-63
0.68	340	42	134	-15	-65
0.682	341	43	133	-14	-65
0.684	342	44	132	-13	-63
0.686	343	45	134	-13	-65
0.688	344	46	133	-12	-66
0.69	345	47	132	-11	-65
0.692	346	47	128	-10	-61
0.694	347	48	127	-9	-59
0.696	348	49	126	-8	-65
0.698	349	49	122	-7	-66
0.7	350	49	118	-6	-66
0.702	351	50	120	-6	-65
0.704	352	50	116	-5	-63
0.706	353	50	112	-4	-66
0.708	354	50	108	-3	-65
0.71	355	50	104	-2	-63
0.712	356	50	103	-2	-60
0.714	357	49	96	-1	-57
0.716	358	49	93	0	-61
0.718	359	48	87	1	-58
0.72	360	48	87	1	-62
0.722	361	47	81	2	-56
0.724	362	46	78	2	-57
0.726	363	45	72	3	-56
0.728	364	44	69	3	-57
0.73	365	43	63	4	-54
0.732	366	42	60	4	-53
0.734	367	41	57	4	-49
0.736	368	40	51	5	-52
0.738	369	38	45	5	-48
0.74	370	37	42	5	-46
0.742	371	35	36	5	-44
0.744	372	33	30	5	-42
0.746	373	31	25	5	-45
0.748	374	30	23	5	-39
0.75	375	28	18	5	-35
0.752	376	26	16	4	-31
0.754	377	24	11	4	-31
0.756	378	21	3	4	-28
0.758	379	19	-1	4	-24
0.76	380	17	-5	4	-20
0.762	381	15	-9	4	-16
0.764	382	12	-13	3	-16
0.766	383	10	-17	3	-13
0.768	384	8	-21	3	-8
0.77	385	5	-25	2	-5
0.772	386	3	-29	2	-2
0.774	387	0	-33	1	-4
0.776	388	-1	-34	1	-1
0.778	389	-3	-35	0	1
0.78	390	-6	-42	0	5
0.782	391	-8	-43	-1	2
0.784	392	-11	-50	-1	4
0.786	393	-13	-54	-1	6
0.788	394	-15	-55	-2	6
0.79	395	-18	-62	-2	1
0.792	396	-20	-63	-3	28
0.794	397	-22	-64	-4	20
0.796	398	-24	-68	-4	16
0.798	399	-27	-72	-5	22
0.8	400	-29	-73	-6	20
0.802	401	-31	-77	-6	15
0.804	402	-32	-75	-7	22
0.806	403	-34	-76	-8	26
0.808	404	-36	-80	-8	29
0.81	405	-38	-81	-9	42
0.812	406	-39	-80	-10	37
0.814	407	-41	-85	-10	44
0.816	408	-42	-84	-11	45
0.818	409	-43	-86	-11	52
0.82	410	-44	-85	-12	46
0.822	411	-45	-84	-13	51
0.824	412	-46	-86	-13	50
0.826	413	-47	-88	-13	52
0.828	414	-48	-87	-14	62
0.83	415	-48	-86	-14	65
0.832	416	-49	-88	-14	70
0.834	417	-49	-87	-14	65
0.836	418	-49	-86	-14	78
0.838	419	-49	-85	-14	82
0.84	420	-49	-81	-15	84
0.842	421	-48	-77	-15	81
0.844	422	-48	-76	-15	75
0.846	423	-47	-72	-15	66
0.848	424	-47	-71	-15	66
0.85	425	-46	-64	-16	64
0.852	426	-45	-60	-16	63
0.854	427	-44	-56	-16	66
0.856	428	-42	-49	-16	75
0.858	429	-41	-46	-16	79
0.86	430	-39	-43	-15	78
0.862	431	-38	-40	-15	79
0.864	432	-36	-34	-15	78
0.866	433	-34	-28	-15	79
0.868	434	-32	-25	-14	77
0.87	435	-30	-19	-14	74
0.872	436	-28	-16	-13	71
0.874	437	-26	-13	-12	76
0.876	438	-23	-4	-12	75
0.878	439	-21	-1	-11	82
0.88	440	-18	4	-10	86
0.882	441	-16	6	-9	86
0.884	442	-13	11	-8	84
0.886	443	-10	16	-7	85
0.888	444	-8	18	-6	77
0.89	445	-5	23	-5	76
0.892	446	-2	28	-4	71
0.894	447	0	27	-2	67
0.896	448	3	32	-1	65
0.898	449	5	34	0	71
0.9	450	8	36	2	67
0.902	451	11	38	4	66
0.904	452	14	43	5	61
0.906	453	16	42	7	52
0.908	454	19	44	9	48
0.91	455	22	46	11	35
0.912	456	24	45	13	32
0.914	457	27	50	14	25
0.916	458	29	49	16	23
0.918	459	31	48	18	18
0.92	460	34	47	21	16
0.922	461	36	46	23	15
0.924	462	38	45	25	10
0.926	463	39	41	27	12
0.928	464	41	40	29	3
0.93	465	43	39	31	0
0.932	466	44	35	33	-2
0.934	467	46	34	35	0
0.936	468	47	30	37	-2
0.938	469	48	26	39	2
0.94	470	48	22	40	1
0.942	471	49	18	42	0
0.944	472	50	14	44	3
0.946	473	50	10	45	-6
0.948	474	50	7	46	-9
0.95	475	50	4	47	-10
0.952	476	50	1	48	-11
0.954	477	49	-7	50	-13
0.956	478	49	-9	51	-39
0.958	479	48	-11	51	-20
0.96	480	47	-16	52	-29
0.962	481	46	-21	53	-19
0.964	482	45	-23	53	-20
0.966	483	43	-31	54	-35
0.968	484	42	-33	54	-42
0.97	485	40	-38	54	-38
0.972	486	38	-43	54	-52
0.974	487	36	-48	54	-53
0.976	488	34	-53	54	-51
0.978	489	31	-58	53	-54
0.98	490	29	-63	53	-45
0.982	491	26	-68	52	-42
0.984	492	24	-70	51	-49
0.986	493	21	-75	50	-41
0.988	494	18	-80	49	-45
0.99	495	15	-85	48	-48
0.992	496	12	-90	47	-44
0.994	497	9	-95	46	-50
0.996	498	6	-97	44	-41
0.998	499	3	-99	42	-52
1	500	0	-101	40	-34
1.002	501	-3	-106	39	-35
1.004	502	-6	-108	37	-25
1.006	503	-9	-107	34	-33
1.008	504	-12	-109	32	-19
1.01	505	-15	-111	30	-24
1.012	506	-18	-110	27	-23
1.014	507	-21	-112	25	-23
1.016	508	-24	-111	22	-24
1.018	509	-26	-107	19	-22
1.02	510	-29	-109	17	-7
1.022	511	-31	-105	14	-16
1.024	512	-34	-104	11	-11
1.026	513	-36	-100	8	-25
1.028	514	-38	-96	5	-10
1.03	515	-40	-95	3	-6
1.032	516	-42	-91	0	-11
1.034	517	-43	-84	-3	-26
1.036	518	-45	-80	-6	-3
1.038	519	-46	-73	-9	2
1.04	520	-47	-67	-12	-3
1.042	521	-48	-64	-14	2
1.044	522	-48	-55	-17	-1
1.046	523	-49	-52	-19	13
1.048	524	-49	-46	-21	12
1.05	525	-49	-37	-24	11
1.052	526	-49	-31	-26	17
1.054	527	-48	-22	-28	37
1.056	528	-47	-13	-30	39
1.058	529	-47	-7	-32	28
1.06	530	-45	4	-34	30
1.062	531	-44	11	-36	23
1.064	532	-43	15	-37	32
1.066	533	-41	25	-39	34
1.068	534	-39	32	-40	27
1.07	535	-37	39	-41	25
1.072	536	-34	49	-42	38
1.074	537	-32	53	-42	37
1.076	538	-29	63	-43	38
1.078	539	-27	67	-43	31
1.08	540	-24	77	-44	25
1.082	541	-21	84	-44	23
1.084	542	-18	91	-44	30
1.086	543	-14	101	-44	17
1.088	544	-11	105	-43	20
1.09	545	-8	112	-43	20
1.092	546	-4	119	-42	22
1.094	547	-1	123	-41	28
1.096	548	1	124	-40	20
1.098	549	5	128	-38	10
1.1	550	8	132	-37	13
1.102	551	12	136	-35	9
1.104	552	15	140	-34	8
1.106	553	18	141	-32	8
1.108	554	21	142	-30	3
1.11	555	25	146	-28	10
1.112	556	28	147	-26	-1
1.114	557	30	145	-24	-5
1.116	558	33	146	-22	-6
1.118	559	36	144	-19	-4
1.12	560	38	142	-17	-11
1.122	561	40	137	-14	-6
1.124	562	42	135	-12	-22
1.126	563	44	130	-9	-15
1.128	564	46	128	-7	-20
1.13	565	47	121	-4	-26
1.132	566	48	117	-2	-25
1.134	567	49	110	1	-38
1.136	568	50	106	3	-38
1.138	569	50	99	5	-39
1.14	570	50	89	8	-43
1.142	571	50	82	10	-50
1.144	572	49	72	12	-47
1.146	573	49	66	14	-56
1.148	574	48	57	16	-55
1.15	575	47	48	18	-62
1.152	576	45	39	19	-59
1.154	577	44	30	21	-63
1.156	578	42	21	22	-65
1.158	579	40	12	23	-64
1.16	580	37	0	24	-69
1.162	581	35	-7	25	-67
1.164	582	32	-17	26	-70
1.166	583	29	-24	26	-74
1.168	584	26	-31	26	-69
1.17	585	23	-38	26	-71
1.172	586	20	-45	26	-70
1.174	587	16	-52	25	-68
1.176	588	13	-59	25	-70
1.178	589	9	-66	24	-68
1.18	590	5	-76	24	-67
1.182	591	2	-80	23	-63
1.184	592	-1	-84	22	-61
1.186	593	-5	-88	20	-57
1.188	594	-8	-92	19	-54
1.19	595	-12	-96	17	-49
1.192	596	-16	-103	16	-42
1.194	597	-19	-104	14	-42
1.196	598	-22	-105	12	-37
1.198	599	-26	-109	10	-34
1.2	600	-29	-110	8	-27
1.202	601	-32	-111	6	-22
1.204	602	-35	-109	3	-18
1.206	603	-37	-107	1	-12
1.208	604	-39	-102	-2	-12
1.21	605	-42	-103	-4	-7
1.212	606	-43	-95	-7	-1
1.214	607	-45	-91	-10	1
1.216	608	-46	-87	-12	0
1.218	609	-47	-80	-15	7
1.22	610	-48	-76	-17	7
1.222	611	-49	-69	-20	12
1.224	612	-49	-62	-22	13
1.226	613	-49	-55	-24	19
1.228	614	-49	-45	-27	7
1.23	615	-48	-35	-29	38
1.232	616	-47	-26	-31	39
1.234	617	-46	-17	-33	23
1.236	618	-44	-5	-35	31
1.238	619	-42	6	-37	25
1.24	620	-40	14	-38	30
1.242	621	-38	22	-39	37
1.244	622	-35	36	-41	43
1.246	623	-32	46	-42	33
1.248	624	-29	53	-42	66
1.25	625	-26	63	-43	56
1.252	626	-23	70	-43	63
1.254	627	-19	80	-43	59
1.256	628	-16	84	-42	61
1.258	629	-12	94	-42	58
1.26	630	-8	101	-41	77
1.262	631	-4	111	-41	60
1.264	632	0	118	-40	67
1.266	633	3	119	-38	74
1.268	634	7	126	-37	79
1.27	635	11	130	-35	70
1.272	636	15	137	-34	75
1.274	637	18	138	-32	56
1.276	638	22	142	-30	58
1.278	639	26	143	-27	58
1.28	640	29	144	-25	47
1.282	641	32	142	-22	35
1.284	642	35	140	-19	40
1.286	643	38	138	-16	37
1.288	644	40	133	-13	38
1.29	645	43	131	-10	30
1.292	646	45	126	-7	15
1.294	647	46	119	-4	14
1.296	648	48	115	-1	10
1.298	649	49	105	3	-2
1.3	650	49	95	6	-6
1.302	651	50	85	10	-2
1.304	652	50	75	13	-4
1.306	653	50	65	16	4
1.308	654	49	53	19	2
1.31	655	48	38	23	-8
1.312	656	47	26	26	-4
1.314	657	45	11	29	-14
1.316	658	44	2	31	-16
1.318	659	41	-11	33	-19
1.32	660	39	-21	35	-22
1.322	661	36	-37	38	-20
1.324	662	33	-50	40	-14
1.326	663	30	-60	41	-14
1.328	664	26	-76	43	-36
1.33	665	23	-86	44	-18
1.332	666	19	-99	45	-33
1.334	667	15	-112	46	-24
1.336	668	11	-121	46	-26
1.338	669	7	-133	47	-41
1.34	670	3	-142	47	-40
1.342	671	0	-148	47	-29
1.344	672	-5	-157	46	-40
1.346	673	-9	-163	45	-40
1.348	674	-13	-169	44	-44
1.35	675	-17	-175	43	-41
1.352	676	-21	-178	41	-37
1.354	677	-25	-184	40	-28
1.356	678	-28	-184	38	-41
1.358	679	-32	-187	36	-30
1.36	680	-35	-187	34	-25
1.362	681	-38	-184	31	-14
1.364	682	-40	-182	29	-14
1.366	683	-42	-177	26	-16
1.368	684	-44	-172	23	12
1.37	685	-46	-167	20	8
1.372	686	-47	-159	17	16
1.374	687	-48	-148	13	15
1.376	688	-49	-140	10	11
1.378	689	-49	-130	7	30
1.38	690	-49	-120	4	39
1.382	691	-48	-104	0	37
1.384	692	-47	-91	-3	35
1.386	693	-46	-78	-6	52
1.388	694	-44	-63	-9	51
1.39	695	-42	-48	-12	49
1.392	696	-40	-36	-14	61
1.394	697	-37	-18	-17	38
1.396	698	-34	-3	-19	50
1.398	699	-31	10	-21	53
1.4	700	-28	23	-23	54
1.402	701	-24	39	-25	53
1.404	702	-20	52	-26	58
1.406	703	-16	68	-28	55
1.408	704	-12	78	-28	63
1.41	705	-8	91	-29	68
1.412	706	-3	103	-29	58
1.414	707	0	109	-29	62
1.416	708	5	121	-29	70
1.418	709	9	127	-28	69
1.42	710	14	136	-27	69
1.422	711	18	142	-26	70
1.424	712	22	148	-25	67
1.426	713	26	151	-23	74
1.428	714	30	157	-22	69
1.43	715	33	157	-20	62
1.432	716	36	157	-18	53
1.434	717	39	154	-15	56
1.436	718	42	155	-13	45
1.438	719	44	150	-10	45
1.44	720	46	145	-7	29
1.442	721	48	140	-4	24
1.444	722	49	132	-1	24
1.446	723	50	124	2	15
1.448	724	50	113	5	0
1.45	725	50	103	8	-8
1.452	726	49	87	12	-17
1.454	727	49	77	15	-31
1.456	728	47	61	18	-28
1.458	729	46	48	21	-30
1.46	730	44	33	24	-35
1.462	731	41	15	27	-35
1.464	732	38	0	29	-43
1.466	733	35	-14	31	-36
1.468	734	32	-28	33	-36
1.47	735	28	-44	35	-55
1.472	736	24	-60	37	-64
1.474	737	20	-73	38	-29
1.476	738	16	-89	40	-41
1.478	739	11	-105	41	-36
1.48	740	7	-115	41	-29
1.482	741	2	-130	42	-36
1.484	742	-2	-139	42	-39
1.486	743	-6	-145	41	-32
1.488	744	-11	-157	41	-50
1.49	745	-15	-163	40	-55
1.492	746	-20	-172	39	-59
1.494	747	-24	-175	37	-54
1.496	748	-28	-181	36	-53
1.498	749	-32	-184	34	-44
1.5	750	-35	-184	32	-62
1.502	751	-38	-181	29	-49
1.504	752	-41	-182	27	-52
1.506	753	-43	-177	24	-53
1.508	754	-45	-172	21	-65
1.51	755	-47	-167	18	-57
1.512	756	-48	-156	14	-50
1.514	757	-49	-148	11	-40
1.516	758	-49	-137	8	-26
1.518	759	-49	-124	4	-30
1.52	760	-48	-108	0	-11
1.522	761	-47	-95	-3	5
1.524	762	-46	-79	-7	4
1.526	763	-44	-63	-10	10
1.528	764	-41	-45	-13	10
1.53	765	-38	-24	-17	18
1.532	766	-35	-6	-20	39
1.534	767	-32	10	-23	47
1.536	768	-28	29	-26	47
1.538	769	-24	45	-28	58
1.54	770	-20	64	-31	62
1.542	771	-15	83	-33	58
1.544	772	-11	96	-34	58
1.546	773	-6	114	-36	43
1.548	774	-1	129	-37	48
1.55	775	3	141	-38	49
1.552	776	8	153	-38	44
1.554	777	13	168	-39	56
1.556	778	17	177	-39	39
1.558	779	22	189	-39	40
1.56	780	26	195	-38	35
1.562	781	30	200	-37	27
1.564	782	34	200	-36	15
1.566	783	37	200	-34	18
1.568	784	40	200	-32	8
1.57	785	43	200	-30	13
1.572	786	45	197	-28	19
1.574	787	47	191	-25	14
1.576	788	49	186	-22	15
1.578	789	50	181	-20	16
1.58	790	50	170	-17	5
1.582	791	50	159	-14	8
1.584	792	49	142	-10	-2
1.586	793	48	129	-7	-6
1.588	794	47	116	-4	-28
1.59	795	45	97	0	0
1.592	796	42	78	3	-16
1.594	797	39	60	6	7
1.596	798	36	42	9	-14
1.598	799	33	24	12	-15
1.6	800	29	3	15	-29
1.602	801	24	-16	17	-31
1.604	802	20	-35	20	-50
1.606	803	15	-54	22	-55
1.608	804	10	-70	23	-65
1.61	805	5	-89	25	-64
1.612	806	0	-104	26	-60
1.614	807	-4	-116	27	-63
1.616	808	-9	-128	27	-69
1.618	809	-14	-143	28	-68
1.62	810	-19	-155	28	-77
1.622	811	-23	-164	28	-84
1.624	812	-28	-173	27	-91
1.626	813	-32	-179	26	-100
1.628	814	-35	-179	24	-87
1.63	815	-39	-185	23	-77
1.632	816	-42	-185	21	-76
1.634	817	-44	-182	19	-62
1.636	818	-46	-176	16	-55
1.638	819	-48	-173	14	-53
1.64	820	-48	-162	11	-38
1.642	821	-49	-154	8	-34
1.644	822	-49	-143	5	-40
1.646	823	-48	-129	2	-24
1.648	824	-47	-115	-1	-3
1.65	825	-46	-99	-5	5
1.652	826	-43	-80	-8	29
1.654	827	-41	-64	-11	32
1.656	828	-38	-42	-15	37
1.658	829	-34	-21	-18	55
1.66	830	-30	0	-21	49
1.662	831	-26	20	-24	35
1.664	832	-22	39	-27	45
1.666	833	-17	58	-29	36
1.668	834	-12	77	-31	46
1.67	835	-7	96	-33	53
1.672	836	-1	118	-35	38
1.674	837	3	130	-36	49
1.676	838	8	145	-37	45
1.678	839	13	160	-38	45
1.68	840	18	172	-38	50
1.682	841	23	184	-38	27
1.684	842	28	196	-38	21
1.686	843	32	200	-37	25
1.688	844	36	200	-36	29
1.69	845	39	200	-35	28
1.692	846	42	200	-33	41
1.694	847	45	200	-31	31
1.696	848	47	197	-29	46
1.698	849	49	192	-26	49
1.7	850	50	184	-23	38
1.702	851	50	176	-21	31
1.704	852	50	162	-17	35
1.706	853	49	148	-14	26
1.708	854	48	135	-11	39
1.71	855	46	119	-8	30
1.712	856	44	100	-4	22
1.714	857	41	81	-1	22
1.716	858	37	60	2	25
1.718	859	34	42	5	13
1.72	860	29	18	8	-7
1.722	861	25	-1	11	-37
1.724	862	20	-23	14	-43
1.726	863	15	-45	17	-34
1.728	864	10	-64	19	-37
1.73	865	4	-86	21	-40
1.732	866	0	-101	23	-45
1.734	867	-5	-119	25	-48
1.736	868	-11	-137	26	-42
1.738	869	-16	-152	27	-56
1.74	870	-21	-164	27	-78
1.742	871	-26	-179	28	-80
1.744	872	-30	-188	28	-65
1.746	873	-34	-196	28	-62
1.748	874	-38	-200	27	-62
1.75	875	-41	-200	26	-59
1.752	876	-44	-200	25	-47
1.754	877	-46	-197	23	-28
1.756	878	-48	-194	21	-29
1.758	879	-49	-188	19	-29
1.76	880	-49	-179	17	-30
1.762	881	-49	-168	14	-20
1.764	882	-48	-154	11	-8
1.766	883	-46	-137	8	7
1.768	884	-44	-120	5	12
1.77	885	-42	-107	3	22
1.772	886	-39	-88	0	31
1.774	887	-35	-66	-3	42
1.776	888	-31	-45	-6	39
1.778	889	-27	-24	-9	34
1.78	890	-22	0	-12	41
1.782	891	-17	20	-14	44
1.784	892	-11	45	-17	41
1.786	893	-6	64	-19	40
1.788	894	0	86	-21	40
1.79	895	4	99	-22	45
1.792	896	10	120	-24	54
1.794	897	15	135	-25	47
1.796	898	21	150	-25	43
1.798	899	26	165	-26	41
1.8	900	30	174	-26	42
1.802	901	35	186	-26	46
1.804	902	39	192	-25	47
1.806	903	42	195	-24	44
1.808	904	45	195	-22	53
1.81	905	47	192	-20	58
1.812	906	49	189	-18	65
1.814	907	50	183	-16	59
1.816	908	50	174	-14	55
1.818	909	50	163	-11	46
1.82	910	49	149	-8	46
1.822	911	47	132	-5	42
1.824	912	45	115	-2	34
1.826	913	42	96	1	30
1.828	914	39	77	4	24
1.83	915	35	52	8	20
1.832	916	31	31	11	11
1.834	917	26	7	14	0
1.836	918	21	-16	17	-13
1.838	919	16	-35	19	-28
1.84	920	10	-60	22	-30
1.842	921	4	-82	24	-45
1.844	922	-1	-101	26	-52
1.846	923	-6	-119	28	-51
1.848	924	-12	-137	29	-50
1.85	925	-18	-158	31	-53
1.852	926	-23	-170	31	-56
1.854	927	-28	-185	32	-64
1.856	928	-32	-194	32	-56
1.858	929	-36	-200	31	-58
1.86	930	-40	-200	31	-58
1.862	931	-43	-200	30	-57
1.864	932	-46	-200	29	-49
1.866	933	-47	-194	27	-39
1.868	934	-49	-192	25	-29
1.87	935	-49	-184	23	-26
1.872	936	-49	-176	21	-20
1.874	937	-48	-162	18	-10
1.876	938	-46	-148	16	-4
1.878	939	-44	-132	13	3
1.88	940	-41	-113	10	6
1.882	941	-38	-94	7	16
1.884	942	-34	-72	4	19
1.886	943	-29	-48	1	30
1.888	944	-24	-27	-1	34
1.89	945	-19	-3	-4	34
1.892	946	-13	22	-7	41
1.894	947	-8	41	-9	36
1.896	948	-2	66	-12	43
1.898	949	3	82	-13	35
1.9	950	9	103	-15	37
1.902	951	15	124	-17	33
1.904	952	21	142	-18	40
1.906	953	26	154	-18	45
1.908	954	31	169	-19	40
1.91	955	35	178	-19	44
1.912	956	39	187	-19	42
1.914	957	43	193	-18	44
1.916	958	46	196	-17	43
1.918	959	48	196	-16	37
1.92	960	49	190	-14	42
1.922	961	50	187	-13	40
1.924	962	50	178	-11	43
1.926	963	49	166	-9	42
1.928	964	48	154	-7	38
1.93	965	46	137	-4	35
1.932	966	43	117	-1	26
1.934	967	39	97	1	22
1.936	968	35	75	4	18
1.938	969	31	53	7	5
1.94	970	26	28	10	-3
1.942	971	20	4	12	-10
1.944	972	15	-19	15	-19
1.946	973	9	-42	17	-36
1.948	974	3	-67	20	-25
1.95	975	-2	-86	22	-43
1.952	976	-9	-108	23	-41
1.954	977	-14	-127	25	-47
1.956	978	-20	-145	26	-51
1.958	979	-26	-163	27	-61
1.96	980	-31	-175	27	-59
1.962	981	-35	-184	27	-65
1.964	982	-39	-193	27	-63
1.966	983	-42	-196	26	-63
1.968	984	-45	-199	25	-61
1.97	985	-47	-199	24	-56
1.972	986	-48	-193	22	-48
1.974	987	-49	-190	21	-50
1.976	988	-49	-181	19	-41
1.978	989	-48	-167	16	-40
1.98	990	-46	-153	14	-29
1.982	991	-43	-133	11	-26
1.984	992	-40	-117	9	-15
1.986	993	-36	-95	6	-6
1.988	994	-32	-73	3	4
1.99	995	-27	-48	0	14
1.992	996	-22	-24	-3	21
1.994	997	-16	2	-6	29
1.996	998	-10	24	-8	33
1.998	999	-4	49	-11	37
2	1000	2	71	-13	40
2.002	1001	8	93	-15	41
2.004	1002	14	114	-17	47
2.006	1003	20	132	-18	44
2.008	1004	26	150	-19	51
2.01	1005	31	165	-20	50
2.012	1006	35	177	-21	51
2.014	1007	40	189	-21	43
2.016	1008	43	195	-21	46
2.018	1009	46	200	-21	38
2.02	1010	48	200	-20	36
2.022	1011	49	197	-19	33
2.024	1012	50	191	-17	30
2.026	1013	50	182	-15	29
2.028	1014	49	170	-13	27
2.03	1015	47	156	-11	24
2.032	1016	44	139	-9	16
2.034	1017	41	119	-6	16
2.036	1018	37	100	-4	4
2.038	1019	32	75	-1	0
2.04	1020	27	50	2	-7
2.042	1021	21	26	4	-13
2.044	1022	15	0	7	-12
2.046	1023	9	-23	9	-16
2.048	1024	3	-45	11	-23
2.05	1025	-3	-70	14	-29
2.052	1026	-9	-89	15	-30
2.054	1027	-15	-111	17	-35
2.056	1028	-21	-129	18	-44
2.058	1029	-27	-147	19	-48
2.06	1030	-32	-162	20	-51
2.062	1031	-36	-171	20	-46
2.064	1032	-40	-180	20	-52
2.066	1033	-44	-186	19	-55
2.068	1034	-46	-186	18	-50
2.07	1035	-48	-186	17	-50
2.072	1036	-49	-183	16	-54
2.074	1037	-49	-177	15	-51
2.076	1038	-48	-166	13	-51
2.078	1039	-46	-152	11	-45
2.08	1040	-44	-138	9	-39
2.082	1041	-41	-118	6	-31
2.084	1042	-37	-99	4	-21
2.086	1043	-32	-74	1	-15
2.088	1044	-27	-52	-1	-9
2.09	1045	-21	-25	-4	5
2.092	1046	-15	-1	-6	13
2.094	1047	-9	25	-9	16
2.096	1048	-3	47	-11	27
2.098	1049	3	69	-13	34
2.1	1050	10	94	-15	39
2.102	1051	16	113	-16	52
2.104	1052	22	134	-18	52
2.106	1053	28	152	-19	57
2.108	1054	33	167	-20	60
2.11	1055	38	179	-20	59
2.112	1056	42	188	-20	55
2.114	1057	45	191	-19	58
2.116	1058	47	194	-19	47
2.118	1059	49	194	-18	48
2.12	1060	50	191	-17	44
2.122	1061	50	182	-15	39
2.124	1062	49	170	-13	34
2.126	1063	47	159	-12	28
2.128	1064	44	139	-9	20
2.13	1065	41	122	-7	10
2.132	1066	37	103	-5	5
2.134	1067	32	78	-2	-9
2.136	1068	26	50	1	-11
2.138	1069	20	26	3	-19
2.14	1070	14	0	6	-21
2.142	1071	7	-26	8	-24
2.144	1072	1	-51	11	-29
2.146	1073	-5	-73	13	-34
2.148	1074	-12	-95	14	-34
2.15	1075	-18	-117	16	-39
2.152	1076	-24	-135	17	-38
2.154	1077	-30	-153	18	-45
2.156	1078	-35	-165	18	-49
2.158	1079	-39	-177	19	-43
2.16	1080	-43	-186	19	-44
2.162	1081	-46	-192	19	-46
2.164	1082	-48	-192	18	-44
2.166	1083	-49	-189	17	-40
2.168	1084	-49	-183	16	-35
2.17	1085	-48	-171	14	-34
2.172	1086	-47	-163	13	-34
2.174	1087	-44	-146	11	-26
2.176	1088	-41	-129	9	-19
2.178	1089	-36	-103	6	-18
2.18	1090	-32	-84	4	-1
2.182	1091	-26	-56	1	-6
2.184	1092	-20	-32	-1	3
2.186	1093	-14	-8	-3	8
2.188	1094	-7	21	-6	12
2.19	1095	0	46	-8	19
2.192	1096	6	68	-10	25
2.194	1097	12	90	-12	29
2.196	1098	19	112	-13	41
2.198	1099	25	130	-14	48
2.2	1100	31	148	-15	43
2.202	1101	36	163	-16	52
2.204	1102	40	172	-16	51
2.206	1103	44	184	-17	54
2.208	1104	47	190	-17	57
2.21	1105	49	190	-16	52
2.212	1106	50	187	-15	53
2.214	1107	50	181	-14	52
2.216	1108	49	172	-13	43
2.218	1109	47	158	-11	38
2.22	1110	44	141	-9	41
2.222	1111	41	124	-7	34
2.224	1112	36	98	-4	33
2.226	1113	31	76	-2	22
2.228	1114	25	48	1	11
2.23	1115	19	24	3	8
2.232	1116	12	-5	6	-11
2.234	1117	5	-31	8	-18
2.236	1118	-1	-53	10	-18
2.238	1119	-8	-78	12	-22
2.24	1120	-15	-103	14	-30
2.242	1121	-21	-125	16	-37
2.244	1122	-27	-143	17	-51
2.246	1123	-33	-161	18	-54
2.248	1124	-38	-173	18	-55
2.25	1125	-42	-185	19	-59
2.252	1126	-45	-191	19	-60
2.254	1127	-47	-194	19	-57
2.256	1128	-49	-194	18	-52
2.258	1129	-49	-188	17	-44
2.26	1130	-48	-179	16	-41
2.262	1131	-47	-167	14	-40
2.264	1132	-44	-150	12	-31
2.266	1133	-41	-136	11	-25
2.268	1134	-36	-110	8	-18
2.27	1135	-31	-88	6	-8
2.272	1136	-25	-63	4	0
2.274	1137	-19	-38	2	10
2.276	1138	-12	-8	-1	25
2.278	1139	-5	18	-3	33
2.28	1140	1	40	-5	35
2.282	1141	8	65	-7	45
2.284	1142	15	90	-9	46
2.286	1143	22	112	-10	53
2.288	1144	28	130	-11	51
2.29	1145	33	145	-12	54
2.292	1146	38	160	-13	56
2.294	1147	43	172	-13	43
2.296	1148	46	178	-13	59
2.298	1149	48	181	-13	52
2.3	1150	50	181	-12	54
2.302	1151	50	175	-11	47
2.304	1152	49	166	-10	47
2.306	1153	47	152	-8	33
2.308	1154	45	138	-6	35
2.31	1155	41	118	-4	15
2.312	1156	36	95	-2	19
2.314	1157	31	73	0	12
2.316	1158	25	48	2	15
2.318	1159	19	24	4	4
2.32	1160	12	-5	7	0
2.322	1161	4	-34	9	-16
2.324	1162	-2	-56	11	-21
2.326	1163	-9	-81	13	-30
2.328	1164	-16	-103	14	-42
2.33	1165	-23	-125	15	-40
2.332	1166	-29	-146	17	-43
2.334	1167	-35	-161	17	-39
2.336	1168	-39	-173	18	-37
2.338	1169	-43	-182	18	-42
2.34	1170	-46	-188	18	-42
2.342	1171	-48	-191	18	-45
2.344	1172	-49	-188	17	-43
2.346	1173	-49	-182	16	-48
2.348	1174	-47	-170	15	-44
2.35	1175	-45	-156	13	-40
2.352	1176	-42	-139	11	-27
2.354	1177	-37	-116	9	-18
2.356	1178	-32	-94	7	-11
2.358	1179	-26	-69	5	-6
2.36	1180	-20	-44	3	3
2.362	1181	-13	-14	0	8
2.364	1182	-6	12	-2	16
2.366	1183	1	38	-4	14
2.368	1184	8	63	-6	26
2.37	1185	15	88	-8	34
2.372	1186	22	110	-9	44
2.374	1187	29	134	-11	48
2.376	1188	34	149	-12	58
2.378	1189	39	161	-12	54
2.38	1190	44	176	-13	53
2.382	1191	47	182	-13	44
2.384	1192	49	185	-13	48
2.386	1193	50	182	-12	52
2.388	1194	50	176	-11	52
2.39	1195	49	167	-10	51
2.392	1196	46	153	-9	48
2.394	1197	43	136	-7	44
2.396	1198	39	116	-5	40
2.398	1199	33	90	-3	24
2.4	1200	28	68	-1	11
2.402	1201	21	40	1	0
2.404	1202	14	13	3	-8
2.406	1203	6	-16	5	-15
2.408	1204	0	-42	8	-18
2.41	1205	-8	-70	10	-27
2.412	1206	-15	-92	11	-31
2.414	1207	-22	-117	13	-32
2.416	1208	-28	-135	14	-38
2.418	1209	-34	-153	15	-46
2.42	1210	-39	-168	16	-55
2.422	1211	-43	-177	16	-69
2.424	1212	-46	-183	16	-64
2.426	1213	-48	-186	16	-64
2.428	1214	-49	-183	15	-57
2.43	1215	-49	-177	14	-52
2.432	1216	-47	-165	13	-46
2.434	1217	-44	-148	11	-37
2.436	1218	-41	-134	10	-30
2.438	1219	-36	-111	8	-30
2.44	1220	-31	-89	6	-28
2.442	1221	-24	-61	4	-17
2.444	1222	-17	-30	1	-8
2.446	1223	-10	-3	-1	3
2.448	1224	-2	26	-3	20
2.45	1225	4	48	-5	28
2.452	1226	12	76	-7	32
2.454	1227	19	101	-9	50
2.456	1228	26	123	-10	42
2.458	1229	32	141	-11	41
2.46	1230	38	159	-12	55
2.462	1231	42	171	-13	55
2.464	1232	46	180	-13	61
2.466	1233	48	183	-13	65
2.468	1234	50	186	-13	54
2.47	1235	50	180	-12	54
2.472	1236	49	171	-11	60
2.474	1237	47	159	-10	40
2.476	1238	43	139	-8	32
2.478	1239	39	122	-7	21
2.48	1240	33	96	-5	10
2.482	1241	27	71	-3	11
2.484	1242	20	43	-1	-1
2.486	1243	13	16	1	-15
2.488	1244	5	-13	3	-18
2.49	1245	-2	-39	5	-22
2.492	1246	-9	-64	7	-34
2.494	1247	-17	-92	9	-41
2.496	1248	-24	-114	10	-57
2.498	1249	-30	-135	12	-51
2.5	1250	-36	-150	12	-42
2.502	1251	-41	-165	13	-47
2.504	1252	-45	-174	13	-55
2.506	1253	-47	-177	13	-57
2.508	1254	-49	-177	12	-59
2.51	1255	-49	-174	12	-46
2.512	1256	-48	-165	11	-47
2.514	1257	-46	-151	9	-52
2.516	1258	-42	-134	8	-40
2.518	1259	-38	-114	6	-29
2.52	1260	-32	-89	4	-18
2.522	1261	-26	-64	2	-11
2.524	1262	-19	-36	0	-10
2.526	1263	-12	-9	-2	-3
2.528	1264	-4	20	-4	14
2.53	1265	3	46	-6	22
2.532	1266	11	74	-8	20
2.534	1267	19	99	-9	19
2.536	1268	26	124	-11	27
2.538	1269	32	142	-12	42
2.54	1270	38	157	-12	60
2.542	1271	43	172	-13	53
2.544	1272	46	178	-13	55
2.546	1273	49	181	-12	59
2.548	1274	50	181	-12	60
2.55	1275	50	175	-11	50
2.552	1276	48	163	-10	40
2.554	1277	46	152	-9	30
2.556	1278	42	135	-8	38
2.558	1279	37	112	-6	35
2.56	1280	31	87	-4	23
2.562	1281	25	62	-2	15
2.564	1282	17	34	-1	9
2.566	1283	10	7	1	-4
2.568	1284	2	-22	3	-11
2.57	1285	-5	-48	5	-31
2.572	1286	-13	-76	7	-44
2.574	1287	-21	-104	9	-42
2.576	1288	-28	-126	10	-49
2.578	1289	-34	-144	11	-49
2.58	1290	-39	-159	12	-42
2.582	1291	-44	-171	12	-49
2.584	1292	-47	-177	12	-44
2.586	1293	-48	-177	12	-56
2.588	1294	-49	-177	12	-64
2.59	1295	-48	-168	11	-67
2.592	1296	-46	-156	10	-59
2.594	1297	-43	-139	8	-49
2.596	1298	-38	-119	7	-35
2.598	1299	-33	-96	5	-26
2.6	1300	-26	-68	3	-14
2.602	1301	-19	-43	2	-4
2.604	1302	-11	-13	0	6
2.606	1303	-3	16	-2	5
2.608	1304	4	42	-4	15
2.61	1305	12	70	-6	15
2.612	1306	20	98	-8	38
2.614	1307	27	120	-9	45
2.616	1308	34	141	-10	45
2.618	1309	39	156	-11	46
2.62	1310	44	168	-11	68
2.622	1311	47	177	-12	70
2.624	1312	49	180	-12	71
2.626	1313	50	180	-12	64
2.628	1314	49	171	-11	50
2.63	1315	47	159	-10	50
2.632	1316	44	145	-9	52
2.634	1317	40	125	-7	35
2.636	1318	34	102	-6	32
2.638	1319	28	77	-4	27
2.64	1320	21	49	-2	18
2.642	1321	13	19	0	12
2.644	1322	5	-10	2	-5
2.646	1323	-3	-39	4	-29
2.648	1324	-11	-67	6	-29
2.65	1325	-19	-95	8	-41
2.652	1326	-26	-117	9	-38
2.654	1327	-33	-138	10	-48
2.656	1328	-38	-153	11	-47
2.658	1329	-43	-165	11	-58
2.66	1330	-46	-171	11	-54
2.662	1331	-48	-174	11	-61
2.664	1332	-49	-174	11	-66
2.666	1333	-48	-165	10	-63
2.668	1334	-46	-154	9	-55
2.67	1335	-43	-140	8	-48
2.672	1336	-38	-120	7	-32
2.674	1337	-32	-94	5	-29
2.676	1338	-25	-66	3	-11
2.678	1339	-18	-41	2	-2
2.68	1340	-10	-11	0	9
2.682	1341	-2	18	-2	4
2.684	1342	6	44	-3	18
2.686	1343	14	72	-5	30
2.688	1344	22	100	-7	49
2.69	1345	29	122	-8	54
2.692	1346	36	143	-9	65
2.694	1347	41	158	-10	54
2.696	1348	45	167	-10	47
2.698	1349	48	173	-10	77
2.7	1350	50	176	-10	58
2.702	1351	50	173	-10	61
2.704	1352	49	164	-9	61
2.706	1353	46	150	-8	50
2.708	1354	42	130	-6	48
2.71	1355	37	110	-5	51
2.712	1356	30	82	-3	21
2.714	1357	23	54	-1	14
2.716	1358	15	26	0	5
2.718	1359	7	-6	3	-6
2.72	1360	-1	-35	5	-12
2.722	1361	-9	-60	6	-23
2.724	1362	-17	-88	8	-50
2.726	1363	-25	-113	9	-32
2.728	1364	-32	-135	10	-19
2.73	1365	-38	-153	11	-56
2.732	1366	-43	-168	12	-54
2.734	1367	-46	-174	12	-71
2.736	1368	-48	-177	12	-70
2.738	1369	-49	-174	11	-58
2.74	1370	-48	-168	11	-58
2.742	1371	-46	-156	10	-72
2.744	1372	-42	-139	9	-40
2.746	1373	-37	-116	7	-24
2.748	1374	-31	-93	6	-27
2.75	1375	-24	-65	4	-10
2.752	1376	-16	-37	3	-21
2.754	1377	-8	-7	1	-7
2.756	1378	0	22	-1	16
2.758	1379	8	48	-2	15
2.76	1380	17	79	-4	27
2.762	1381	24	104	-6	47
2.764	1382	32	129	-7	63
2.766	1383	38	147	-8	76
2.768	1384	43	159	-8	57
2.77	1385	47	171	-9	40
2.772	1386	49	174	-9	64
2.774	1387	50	174	-9	70
2.776	1388	49	165	-8	62
2.778	1389	47	153	-7	64
2.78	1390	44	139	-6	42
2.782	1391	39	119	-5	54
2.784	1392	33	93	-3	63
2.786	1393	26	68	-2	31
2.788	1394	18	37	0	3
2.79	1395	9	4	2	-4
2.792	1396	1	-25	4	-12
2.794	1397	-7	-54	6	-18
2.796	1398	-16	-82	7	-35
2.798	1399	-24	-110	9	-57
2.8	1400	-31	-132	10	-40
2.802	1401	-37	-150	11	-22
2.804	1402	-42	-162	11	-48
2.806	1403	-46	-174	12	-63
2.808	1404	-48	-177	12	-83
2.81	1405	-49	-177	12	-80
2.812	1406	-48	-168	11	-65
2.814	1407	-46	-156	10	-64
2.816	1408	-42	-139	9	-72
2.818	1409	-37	-119	8	-46
2.82	1410	-31	-96	7	-19
2.822	1411	-23	-65	5	-11
2.824	1412	-15	-34	3	-1
2.826	1413	-7	-7	2	-15
2.828	1414	1	22	0	-6
2.83	1415	10	53	-2	27
2.832	1416	19	81	-3	28
2.834	1417	27	109	-5	37
2.836	1418	34	131	-6	54
2.838	1419	40	149	-7	72
2.84	1420	44	158	-7	66
2.842	1421	48	170	-8	93
2.844	1422	50	173	-8	57
2.846	1423	50	170	-8	71
2.848	1424	49	161	-7	71
2.85	1425	46	147	-6	60
2.852	1426	41	127	-5	52
2.854	1427	36	107	-4	43
2.856	1428	29	82	-3	34
2.858	1429	21	51	-1	35
2.86	1430	13	20	1	28
2.862	1431	4	-9	2	-7
2.864	1432	-4	-38	4	-21
2.866	1433	-13	-69	6	-26
2.868	1434	-21	-94	7	-49
2.87	1435	-29	-122	9	-54
2.872	1436	-36	-140	9	-37
2.874	1437	-41	-155	10	-62
2.876	1438	-45	-164	10	-56
2.878	1439	-48	-173	11	-62
2.88	1440	-49	-173	11	-72
2.882	1441	-48	-164	10	-83
2.884	1442	-46	-156	10	-62
2.886	1443	-42	-139	9	-77
2.888	1444	-37	-119	8	-53
2.89	1445	-31	-93	6	-32
2.892	1446	-23	-65	5	-36
2.894	1447	-15	-34	3	-5
2.896	1448	-6	-4	2	5
2.898	1449	2	25	0	11
2.9	1450	11	56	-2	22
2.902	1451	20	84	-3	31
2.904	1452	28	112	-5	44
2.906	1453	35	133	-6	59
2.908	1454	41	148	-6	63
2.91	1455	45	160	-7	51
2.912	1456	48	166	-7	90
2.914	1457	50	169	-7	73
2.916	1458	50	166	-7	88
2.918	1459	48	157	-7	80
2.92	1460	44	140	-6	60
2.922	1461	39	120	-5	52
2.924	1462	33	94	-3	43
2.926	1463	26	69	-2	23
2.928	1464	17	38	-1	17
2.93	1465	8	5	1	6
2.932	1466	0	-24	3	-11
2.934	1467	-9	-53	4	-7
2.936	1468	-18	-84	6	-25
2.938	1469	-26	-109	7	-55
2.94	1470	-33	-131	8	-66
2.942	1471	-39	-149	9	-37
2.944	1472	-44	-161	9	-74
2.946	1473	-47	-167	9	-68
2.948	1474	-49	-170	9	-94
2.95	1475	-49	-167	9	-77
2.952	1476	-47	-155	8	-73
2.954	1477	-43	-138	7	-46
2.956	1478	-38	-118	6	-76
2.958	1479	-32	-95	5	-48
2.96	1480	-24	-64	3	-28
2.962	1481	-16	-36	2	-21
2.964	1482	-7	-3	0	-1
2.966	1483	1	23	-1	-3
2.968	1484	10	55	-3	8
2.97	1485	19	83	-4	36
2.972	1486	28	114	-6	54
2.974	1487	35	135	-7	66
2.976	1488	41	150	-7	50
2.978	1489	46	165	-8	60
2.98	1490	49	171	-8	84
2.982	1491	50	171	-8	82
2.984	1492	50	168	-8	78
2.986	1493	47	153	-7	72
2.988	1494	44	142	-7	66
2.99	1495	38	116	-5	69
2.992	1496	32	93	-4	63
2.994	1497	24	65	-3	19
2.996	1498	15	34	-2	21
2.998	1499	6	1	0	-4
3	1500	-3	-31	2	0
3.002	1501	-12	-59	3	-26
3.004	1502	-21	-90	5	-44
3.006	1503	-29	-115	6	-58
3.008	1504	-36	-137	7	-63
3.01	1505	-41	-152	8	-47
3.012	1506	-46	-164	8	-61
3.014	1507	-48	-167	8	-89
3.016	1508	-49	-167	8	-85
3.018	1509	-48	-158	7	-78
3.02	1510	-45	-147	7	-86
3.022	1511	-41	-130	6	-72
3.024	1512	-35	-104	4	-68
3.026	1513	-28	-79	3	-63
3.028	1514	-19	-48	2	-15
3.03	1515	-10	-17	1	-17
3.032	1516	-1	15	-1	3
3.034	1517	8	44	-2	3
3.036	1518	17	75	-4	28
3.038	1519	25	100	-5	34
3.04	1520	33	128	-7	63
3.042	1521	40	146	-7	70
3.044	1522	45	161	-8	37
3.046	1523	48	167	-8	83
3.048	1524	50	170	-8	89
3.05	1525	50	164	-7	99
3.052	1526	48	155	-7	84
3.054	1527	44	138	-6	83
3.056	1528	39	118	-5	52
3.058	1529	32	92	-4	76
3.06	1530	24	64	-3	45
3.062	1531	15	30	-1	4
3.064	1532	6	0	0	14
3.066	1533	-3	-32	2	-15
3.068	1534	-12	-60	3	-4
3.07	1535	-21	-91	5	-29
3.072	1536	-30	-119	6	-55
3.074	1537	-37	-140	7	-71
3.076	1538	-42	-152	7	-69
3.078	1539	-46	-164	8	-40
3.08	1540	-49	-170	8	-108
3.082	1541	-49	-167	8	-82
3.084	1542	-47	-158	8	-109
3.086	1543	-44	-144	7	-79
3.088	1544	-39	-124	6	-71
3.09	1545	-33	-101	5	-66
3.092	1546	-25	-70	3	-68
3.094	1547	-16	-39	2	-34
3.096	1548	-7	-9	1	-8
3.098	1549	2	23	-1	-1
3.1	1550	12	55	-2	10
3.102	1551	21	86	-4	17
3.104	1552	29	111	-5	39
3.106	1553	36	133	-6	90
3.108	1554	42	151	-7	86
3.11	1555	47	163	-7	59
3.112	1556	49	166	-7	74
3.114	1557	50	166	-7	108
3.116	1558	49	157	-6	110
3.118	1559	46	146	-6	95
3.12	1560	41	126	-5	86
3.122	1561	34	100	-4	48
3.124	1562	27	75	-3	87
3.126	1563	18	41	-1	51
3.128	1564	8	8	0	11
3.13	1565	0	-18	1	-3
3.132	1566	-10	-53	3	-20
3.134	1567	-19	-81	4	-19
3.136	1568	-28	-112	6	-39
3.138	1569	-35	-131	6	-75
3.14	1570	-41	-149	7	-103
3.142	1571	-46	-161	7	-46
3.144	1572	-48	-164	7	-58
3.146	1573	-49	-164	7	-106
3.148	1574	-48	-158	7	-112
3.15	1575	-44	-141	6	-121
3.152	1576	-39	-121	5	-88
3.154	1577	-33	-98	4	-51
3.156	1578	-25	-70	3	-84
3.158	1579	-16	-39	2	-78
3.16	1580	-6	-3	0	-17
3.162	1581	3	26	-1	6
3.164	1582	12	55	-2	30
3.166	1583	22	89	-4	29
3.168	1584	30	114	-5	20
3.17	1585	37	136	-6	76
3.172	1586	43	151	-6	109
3.174	1587	47	163	-7	78
3.176	1588	50	169	-7	73
3.178	1589	50	166	-7	107
3.18	1590	48	157	-7	114
3.182	1591	44	140	-6	138
3.184	1592	39	120	-5	107
3.186	1593	32	94	-4	54
3.188	1594	24	66	-3	72
3.19	1595	15	35	-2	67
3.192	1596	5	2	-1	18
3.194	1597	-4	-30	1	2
3.196	1598	-14	-61	2	-35
3.198	1599	-23	-92	4	-34
3.2	1600	-32	-120	5	-22
3.202	1601	-38	-138	6	-70
3.204	1602	-44	-153	6	-120
3.206	1603	-47	-162	7	-64
3.208	1604	-49	-165	7	-93
3.21	1605	-48	-159	7	-100
3.212	1606	-46	-151	7	-121
3.214	1607	-42	-134	6	-145
3.216	1608	-36	-111	5	-120
3.218	1609	-28	-82	4	-47
3.22	1610	-19	-51	3	-73
3.222	1611	-10	-20	2	-66
3.224	1612	0	15	0	-29
3.226	1613	10	47	-1	-10
3.228	1614	19	75	-2	46
3.23	1615	28	106	-4	50
3.232	1616	36	131	-5	17
3.234	1617	42	146	-5	86
3.236	1618	47	161	-6	114
3.238	1619	49	164	-6	78
3.24	1620	50	164	-6	134
3.242	1621	48	155	-6	109
3.244	1622	45	141	-5	118
3.246	1623	40	121	-4	153
3.248	1624	33	95	-3	108
3.25	1625	24	64	-2	53
3.252	1626	15	33	-1	78
3.254	1627	5	0	0	32
3.256	1628	-4	-29	1	19
3.258	1629	-14	-61	2	14
3.26	1630	-24	-95	4	-55
3.262	1631	-32	-120	5	-58
3.264	1632	-39	-141	6	-37
3.266	1633	-44	-153	6	-119
3.268	1634	-48	-162	6	-75
3.27	1635	-49	-162	6	-118
3.272	1636	-48	-156	6	-139
3.274	1637	-45	-142	5	-129
3.276	1638	-41	-125	4	-121
3.278	1639	-34	-99	3	-152
3.28	1640	-26	-71	2	-94
3.282	1641	-17	-40	1	-79
3.284	1642	-7	-7	0	-74
3.286	1643	3	25	-1	-17
3.288	1644	13	57	-2	-22
3.29	1645	22	85	-3	0
3.292	1646	31	113	-4	65
3.294	1647	38	135	-5	56
3.296	1648	44	153	-6	78
3.298	1649	48	162	-6	133
3.3	1650	50	162	-5	76
3.302	1651	50	159	-5	136
3.304	1652	47	148	-5	160
3.306	1653	43	131	-4	134
3.308	1654	36	105	-3	137
3.31	1655	28	77	-2	138
3.312	1656	19	46	-1	64
3.314	1657	9	12	0	95
3.316	1658	0	-17	1	46
3.318	1659	-10	-49	2	-10
3.32	1660	-20	-80	3	1
3.322	1661	-29	-108	4	-39
3.324	1662	-37	-133	5	-68
3.326	1663	-43	-151	6	-63
3.328	1664	-47	-160	6	-151
3.33	1665	-49	-163	6	-91
3.332	1666	-49	-157	5	-119
3.334	1667	-46	-146	5	-148
3.336	1668	-42	-129	4	-173
3.338	1669	-36	-109	4	-139
3.34	1670	-28	-80	3	-158
3.342	1671	-18	-43	1	-88
3.344	1672	-8	-9	0	-91
3.346	1673	1	20	-1	-92
3.348	1674	11	52	-2	-18
3.35	1675	21	83	-3	4
3.352	1676	30	111	-4	29
3.354	1677	38	136	-5	57
3.356	1678	44	151	-5	65
3.358	1679	48	160	-5	123
3.36	1680	50	163	-5	143
3.362	1681	50	160	-5	109
3.364	1682	47	146	-4	157
3.366	1683	42	126	-3	165
3.368	1684	36	106	-3	168
3.37	1685	28	78	-2	162
3.372	1686	18	44	-1	124
3.374	1687	8	10	0	59
3.376	1688	-1	-19	1	84
3.378	1689	-12	-54	2	25
3.38	1690	-22	-85	3	-5
3.382	1691	-31	-113	4	-36
3.384	1692	-38	-135	5	-75
3.386	1693	-44	-153	6	-86
3.388	1694	-47	-159	6	-82
3.39	1695	-49	-162	6	-155
3.392	1696	-48	-156	6	-98
3.394	1697	-45	-142	5	-188
3.396	1698	-40	-125	5	-164
3.398	1699	-33	-99	4	-176
3.4	1700	-25	-71	3	-170
3.402	1701	-15	-37	2	-168
3.404	1702	-4	-1	1	-97
3.406	1703	5	28	0	-98
3.408	1704	16	63	-1	-35
3.41	1705	25	91	-2	-21
3.412	1706	34	116	-2	13
3.414	1707	41	141	-4	53
3.416	1708	46	153	-4	98
3.418	1709	49	159	-4	74
3.42	1710	50	156	-3	174
3.422	1711	48	147	-3	100
3.424	1712	45	133	-2	182
3.426	1713	39	113	-2	183
3.428	1714	31	84	-1	198
3.43	1715	22	53	0	170
3.432	1716	12	19	1	178
3.434	1717	1	-16	2	85
3.436	1718	-8	-45	3	86
3.438	1719	-19	-76	3	53
3.44	1720	-28	-104	4	-14
3.442	1721	-36	-126	4	-27
3.444	1722	-42	-147	6	-77
3.446	1723	-47	-159	6	-83
3.448	1724	-49	-162	6	-95
3.45	1725	-49	-159	6	-170
3.452	1726	-46	-145	5	-111
3.454	1727	-41	-128	5	-198
3.456	1728	-34	-102	4	-176
3.458	1729	-26	-74	3	-211
3.46	1730	-16	-40	2	-189
3.462	1731	-6	-7	1	-193
3.464	1732	4	25	0	-98
3.466	1733	15	60	-1	-106
3.468	1734	25	91	-2	-52
3.47	1735	34	116	-2	-14
3.472	1736	41	138	-3	33
3.474	1737	46	150	-3	65
3.476	1738	49	159	-4	99
3.478	1739	50	159	-4	86
3.48	1740	48	147	-3	185
3.482	1741	44	133	-3	135
3.484	1742	38	110	-2	202
3.486	1743	30	81	-1	200
3.488	1744	21	50	0	211
3.49	1745	11	16	1	207
3.492	1746	0	-19	2	203
3.494	1747	-10	-51	3	97
3.496	1748	-20	-79	3	76
3.498	1749	-30	-110	4	38
3.5	1750	-38	-132	4	-19
3.502	1751	-44	-147	4	-42
3.504	1752	-47	-156	5	-100
3.506	1753	-49	-156	4	-97
3.508	1754	-48	-150	4	-113
3.51	1755	-45	-136	3	-192
3.512	1756	-39	-116	3	-131
3.514	1757	-32	-90	2	-225
3.516	1758	-23	-59	1	-212
3.518	1759	-13	-25	0	-229
3.52	1760	-2	10	-1	-215
3.522	1761	8	42	-2	-203
3.524	1762	19	73	-2	-116
3.526	1763	29	104	-3	-118
3.528	1764	37	126	-3	-18
3.53	1765	43	141	-3	6
3.532	1766	48	153	-3	54
3.534	1767	50	159	-4	74
3.536	1768	49	153	-4	110
3.538	1769	47	142	-3	124
3.54	1770	41	119	-2	194
3.542	1771	34	93	-1	155
3.544	1772	25	62	0	232
3.546	1773	15	28	1	223
3.548	1774	4	-7	2	227
3.55	1775	-6	-39	3	212
3.552	1776	-17	-70	3	192
3.554	1777	-27	-101	4	97
3.556	1778	-35	-123	4	96
3.558	1779	-42	-142	4	-9
3.56	1780	-47	-154	4	-49
3.562	1781	-49	-154	3	-75
3.564	1782	-49	-148	2	-133
3.566	1783	-46	-137	2	-127
3.568	1784	-41	-117	1	-183
3.57	1785	-34	-91	0	-148
3.572	1786	-25	-60	-1	-196
3.574	1787	-15	-26	-2	-220
3.576	1788	-4	9	-3	-233
3.578	1789	7	44	-4	-233
3.58	1790	18	78	-5	-231
3.582	1791	28	106	-5	-189
3.584	1792	36	131	-6	-134
3.586	1793	43	149	-6	-95
3.588	1794	48	161	-6	7
3.59	1795	50	161	-5	23
3.592	1796	50	161	-6	121
3.594	1797	47	147	-5	123
3.596	1798	41	127	-5	155
3.598	1799	34	101	-4	187
3.6	1800	25	70	-3	162
3.602	1801	15	36	-2	204
3.604	1802	4	-2	0	237
3.606	1803	-7	-37	1	236
3.608	1804	-18	-68	1	219
3.61	1805	-28	-99	2	210
3.612	1806	-36	-121	2	135
3.614	1807	-43	-140	2	63
3.616	1808	-47	-149	2	50
3.618	1809	-49	-149	1	-71
3.62	1810	-48	-144	1	-71
3.622	1811	-45	-136	2	-134
3.624	1812	-39	-113	1	-154
3.626	1813	-32	-87	0	-173
3.628	1814	-22	-53	-1	-169
3.63	1815	-12	-19	-2	-171
3.632	1816	-1	16	-3	-233
3.634	1817	10	51	-4	-232
3.636	1818	21	82	-4	-233
3.638	1819	30	110	-5	-234
3.64	1820	39	135	-5	-214
3.642	1821	45	150	-5	-138
3.644	1822	49	156	-4	-116
3.646	1823	50	156	-4	3
3.648	1824	49	148	-3	38
3.65	1825	45	134	-3	117
3.652	1826	39	108	-1	121
3.654	1827	30	77	0	119
3.656	1828	21	49	0	203
3.658	1829	10	12	1	152
3.66	1830	-1	-23	2	222
3.662	1831	-12	-58	3	238
3.664	1832	-23	-92	4	220
3.666	1833	-32	-117	4	238
3.668	1834	-40	-139	4	201
3.67	1835	-45	-154	5	132
3.672	1836	-48	-160	5	71
3.674	1837	-49	-157	4	-12
3.676	1838	-47	-145	3	-141
3.678	1839	-42	-125	2	-62
3.68	1840	-35	-99	1	-140
3.682	1841	-26	-68	0	-133
3.684	1842	-15	-31	-1	-127
3.686	1843	-4	4	-2	-216
3.688	1844	6	36	-3	-162
3.69	1845	18	74	-4	-228
3.692	1846	28	105	-5	-233
3.694	1847	37	130	-5	-234
3.696	1848	44	148	-5	-231
3.698	1849	48	157	-5	-221
3.7	1850	50	157	-4	-76
3.702	1851	49	149	-3	-64
3.704	1852	46	135	-2	30
3.706	1853	40	112	-1	104
3.708	1854	32	86	-1	120
3.71	1855	22	49	1	157
3.712	1856	11	12	2	169
3.714	1857	0	-23	3	164
3.716	1858	-11	-58	4	169
3.718	1859	-22	-89	4	227
3.72	1860	-32	-120	5	238
3.722	1861	-40	-141	5	199
3.724	1862	-45	-153	5	234
3.726	1863	-48	-159	5	200
3.728	1864	-49	-156	4	78
3.73	1865	-47	-144	3	32
3.732	1866	-42	-124	2	-76
3.734	1867	-35	-95	0	-124
3.736	1868	-25	-61	-1	-98
3.738	1869	-15	-27	-2	-143
3.74	1870	-3	11	-3	-131
3.742	1871	7	43	-4	-204
3.744	1872	19	80	-5	-137
3.746	1873	29	108	-5	-160
3.748	1874	38	136	-6	-233
3.75	1875	44	151	-6	-221
3.752	1876	49	163	-6	-233
3.754	1877	50	163	-6	-207
3.756	1878	49	154	-5	-136
3.758	1879	45	137	-4	-39
3.76	1880	38	111	-3	-38
3.762	1881	30	79	-1	116
3.764	1882	19	42	0	163
3.766	1883	8	6	1	155
3.768	1884	-3	-32	3	178
3.77	1885	-14	-63	3	160
3.772	1886	-25	-97	4	131
3.774	1887	-34	-125	5	202
3.776	1888	-42	-146	5	232
3.778	1889	-47	-161	6	199
3.78	1890	-49	-164	6	238
3.782	1891	-48	-158	6	178
3.784	1892	-45	-141	4	104
3.786	1893	-39	-118	3	24
3.788	1894	-31	-89	2	-51
3.79	1895	-21	-52	0	-117
3.792	1896	-10	-15	-1	-114
3.794	1897	1	20	-2	-155
3.796	1898	13	58	-3	-149
3.798	1899	24	92	-4	-212
3.8	1900	0	22	-5	-121
3.802	1901	0	21	-5	-155
3.804	1902	0	23	-6	-229
3.806	1903	0	22	-6	-223
3.808	1904	0	21	-6	-233
3.81	1905	0	20	-6	-191
3.812	1906	0	16	-5	-100
3.814	1907	0	15	-5	-30
3.816	1908	0	14	-5	-18
3.818	1909	0	10	-4	142
3.82	1910	0	9	-4	148
3.822	1911	0	8	-4	165
3.824	1912	0	7	-4	150
3.826	1913	0	7	-4	95
3.828	1914	0	7	-4	178
3.83	1915	0	7	-4	133
3.832	1916	0	7	-4	196
3.834	1917	0	7	-4	207
3.836	1918	0	7	-4	200
3.838	1919	0	10	-5	184
3.84	1920	0	9	-5	125
3.842	1921	0	9	-5	37
3.844	1922	0	12	-6	-4
3.846	1923	0	11	-6	-51
3.848	1924	0	8	-5	-102
3.85	1925	0	8	-5	-108
3.852	1926	0	8	-5	-101
3.854	1927	0	8	-5	-161
3.856	1928	0	8	-5	-80
3.858	1929	0	5	-4	-121
3.86	1930	0	5	-4	-173
3.862	1931	0	2	-3	-198
3.864	1932	0	2	-3	-206
3.866	1933	0	0	-2	-201
3.868	1934	0	0	-2	-89
3.87	1935	0	-2	-1	-72
3.872	1936	0	-1	-1	-49
3.874	1937	0	-3	0	77
3.876	1938	0	-2	0	88
3.878	1939	0	1	-1	108
3.88	1940	0	1	-1	104
3.882	1941	0	1	-1	62
3.884	1942	0	1	-1	119
3.886	1943	0	1	-1	107
3.888	1944	0	1	-1	135
3.89	1945	0	1	-1	162
3.892	1946	0	1	-1	181
3.894	1947	0	4	-2	160
3.896	1948	0	3	-2	141
3.898	1949	0	3	-2	30
3.9	1950	0	3	-2	18
3.902	1951	0	6	-3	-29
3.904	1952	0	5	-3	-60
3.906	1953	0	5	-3	-105
3.908	1954	0	5	-3	-79
3.91	1955	0	5	-3	-93
3.912	1956	0	5	-3	-85
3.914	1957	0	2	-2	-113
3.916	1958	0	2	-2	-86
3.918	1959	0	2	-2	-165
3.92	1960	0	2	-2	-139
3.922	1961	0	2	-2	-154
3.924	1962	0	0	-1	-139
3.926	1963	0	0	-1	-78
3.928	1964	0	0	-1	-32
3.93	1965	0	0	-1	-5
3.932	1966	0	0	-1	68
3.934	1967	0	0	-1	73
3.936	1968	0	0	-1	81
3.938	1969	0	0	-1	97
3.94	1970	0	0	-1	48
3.942	1971	0	0	-1	55
3.944	1972	0	0	-1	118
3.946	1973	0	0	-1	117
3.948	1974	0	3	-2	122
3.95	1975	0	3	-2	139
3.952	1976	0	3	-2	97
3.954	1977	0	3	-2	98
3.956	1978	0	6	-3	48
3.958	1979	0	5	-3	-35
3.96	1980	0	5	-3	-51
3.962	1981	0	5	-3	-67
3.964	1982	0	5	-3	-84
3.966	1983	0	2	-2	-70
3.968	1984	0	2	-2	-79
3.97	1985	0	2	-2	-89
3.972	1986	0	2	-2	-88
3.974	1987	0	2	-2	-53
3.976	1988	0	2	-2	-130
3.978	1989	0	0	-1	-104
3.98	1990	0	0	-1	-124
3.982	1991	0	0	-1	-94
3.984	1992	0	0	-1	-40
3.986	1993	0	0	-1	-1
3.988	1994	0	3	-2	6
3.99	1995	0	3	-2	64
3.992	1996	0	3	-2	82
3.994	1997	0	3	-2	94
3.996	1998	0	3	-2	37
3.998	1999	0	3	-2	53
